98.9987 , 
7.43029 , 
89.9233 , 
7.49768 , 
11.0482 , 
94.0064 , 
35.9255 , 
11.0689 , 
10.0962 , 
90.5786 , 
30.4103 , 
23.0252 , 
32.8982 , 
30.505 , 
11.0471 , 
11.0382 , 
4.59562 , 
11.049 , 
91.9756 , 
13.0648 , 
10.135 , 
49.5875 , 
94.1908 , 
5.61792 , 
10.1239 , 
25.6028 , 
10.237 , 
6.4479 , 
6.60014 , 
97.7246 , 
35.1732 , 
11.0526 , 
12.9651 , 
98.4996 , 
4.78356 , 
44.2926 , 
32.1949 , 
37.8811 , 
10.1758 , 
8.32611 , 
97.3141 , 
16.6971 , 
9.34309 , 
11.0451 , 
8.30535 , 
8.2987 , 
31.1535 , 
24.8188 , 
64.803 , 
18.4935 , 
37.9322 , 
13.849 , 
97.4303 , 
8.5609 , 
39.5102 , 
20.3115 , 
8.27677 , 
7.27486 , 
13.8625 , 
22.9486 , 
7.49346 , 
19.3372 , 
9.06363 , 
18.5613 , 
93.1019 , 
16.0628 , 
11.0394 , 
8.32825 , 
9.04208 , 
7.4969 , 
16.9371 , 
9.34266 , 
7.46422 , 
21.222 , 
14.8625 , 
13.0217 , 
7.19522 , 
92.5318 , 
18.587 , 
11.8429 , 
35.057 , 
29.5166 , 
6.56958 , 
42.1474 , 
7.45069 , 
98.463 , 
13.8446 , 
13.8896 , 
13.8471 , 
13.9432 , 
96.9066 , 
58.3428 , 
10.1574 , 
22.1872 , 
11.0364 , 
15.6777 , 
13.8772 , 
91.3533 , 
5.58976 , 
13.9602 , 
