-489.876 , 
-254.431 , 
-13.8388 , 
-76.7832 , 
-181.05 , 
-104.984 , 
-34.957 , 
-22.3611 , 
-90.6976 , 
-49.4172 , 
-122.893 , 
-35.3936 , 
-170.113 , 
-12.4651 , 
-201.096 , 
-21.9056 , 
-213.18 , 
-118.766 , 
-188.676 , 
-7.63609 , 
-79.846 , 
-168.4 , 
-97.768 , 
-285.545 , 
-221.023 , 
-44.3419 , 
-209.245 , 
-208.182 , 
-159.054 , 
-171.566 , 
-184.778 , 
-125.897 , 
-307.883 , 
-32.6622 , 
-172.12 , 
-234.365 , 
-71.2421 , 
-30.8635 , 
-148.22 , 
-183.041 , 
-35.0983 , 
-50.4431 , 
-67.1067 , 
-271.916 , 
-4.07992 , 
-195.494 , 
-52.5352 , 
-64.1187 , 
-7.85094 , 
-23.5119 , 
-130.929 , 
-85.5955 , 
-102.6 , 
-294.95 , 
-328.591 , 
-358.128 , 
-285.254 , 
-48.5488 , 
-107.296 , 
-1.38346 , 
-84.6665 , 
-349.927 , 
-6.78699 , 
-41.0284 , 
-143.334 , 
-369.069 , 
-145.357 , 
-133.429 , 
-164.486 , 
-153.826 , 
-435.279 , 
-248.967 , 
-313.938 , 
-90.4244 , 
-62.2391 , 
-79.0318 , 
-37.2725 , 
-100.474 , 
-93.428 , 
-127.792 , 
-74.0154 , 
-162.11 , 
-353.762 , 
-291.707 , 
-304.431 , 
-186.839 , 
-10.2492 , 
-230.037 , 
-51.6473 , 
-4.9755 , 
-51.8315 , 
-141.745 , 
-63.3851 , 
-316.898 , 
-334.169 , 
-34.6025 , 
-325.489 , 
-155.677 , 
-38.8222 , 
-194.481 , 
-338.629 , 
-325.08 , 
-365.945 , 
-340.472 , 
-210.642 , 
-167.292 , 
-172.196 , 
-253.953 , 
-205.221 , 
-116.057 , 
-287.431 , 
-209.908 , 
-165.299 , 
-133.21 , 
-33.7942 , 
-38.6207 , 
-58.8052 , 
-76.1005 , 
-60.7061 , 
-326.104 , 
-386.323 , 
-361.022 , 
-93.1213 , 
-226.929 , 
-225.5 , 
-10.5374 , 
-238.01 , 
-304.088 , 
-28.0465 , 
-60.3313 , 
-41.8075 , 
-134.265 , 
-68.6819 , 
-30.7647 , 
-375.643 , 
-182.473 , 
-352.209 , 
-26.4986 , 
-232.237 , 
-258.812 , 
-123.281 , 
-191.478 , 
-241.924 , 
-29.1228 , 
-40.1705 , 
-157.399 , 
-143.587 , 
-146.23 , 
-41.2032 , 
-8.10493 , 
-106.064 , 
-6.73641 , 
-244.048 , 
-267.431 , 
-90.6299 , 
-50.3991 , 
-94.0738 , 
-48.2348 , 
-260.104 , 
-76.9426 , 
-108.2 , 
-136.043 , 
-255.338 , 
-199.63 , 
-307.474 , 
-38.8591 , 
-180.609 , 
-242.538 , 
-80.7167 , 
-33.9406 , 
-407.545 , 
-116.725 , 
-130.8 , 
-2.97935 , 
-249.838 , 
-22.9786 , 
-4.49012 , 
-304.166 , 
-332.968 , 
-362.75 , 
-46.1753 , 
-169.808 , 
-100.159 , 
-82.87 , 
-190.814 , 
-218.226 , 
-26.7713 , 
-368.06 , 
-188.902 , 
-347.134 , 
-67.7444 , 
-232.592 , 
-273.38 , 
-280.62 , 
-44.3508 , 
-252.542 , 
-97.3492 , 
-348.886 , 
-61.4259 , 
-10.3285 , 
-312.939 , 
-434.143 , 
-339.226 , 
-222.58 , 
-42.1923 , 
-34.2971 , 
-279.277 , 
-190.105 , 
-142.071 , 
-120.264 , 
-127.32 , 
-27.5449 , 
-287.902 , 
-11.5365 , 
-297.254 , 
-14.2341 , 
-263.154 , 
-2.02124 , 
-378.586 , 
-250.942 , 
-255.262 , 
-42.2922 , 
-24.7311 , 
-184.259 , 
-60.7287 , 
-266.088 , 
-295.158 , 
-68.7107 , 
-20.1608 , 
-277.761 , 
-292.86 , 
-162.625 , 
-344.829 , 
-353.514 , 
-186.078 , 
-35.1202 , 
-134.658 , 
-383.118 , 
-259.3 , 
-63.7274 , 
-170.746 , 
-4.05719 , 
-2.63982 , 
-125.632 , 
-28.6693 , 
-146.376 , 
-207.043 , 
-144.41 , 
-64.6415 , 
-39.2949 , 
-82.7611 , 
-45.9771 , 
-329.958 , 
-111.226 , 
-50.6376 , 
-383.368 , 
-224.973 , 
-7.23994 , 
-285.74 , 
-319.903 , 
-161.976 , 
-6.2892 , 
-5.10353 , 
-282.952 , 
-343.195 , 
-80.0404 , 
-112.509 , 
-32.9185 , 
-51.1085 , 
-206.8 , 
-148.223 , 
-165.64 , 
-45.685 , 
-239.036 , 
-44.2347 , 
-206.267 , 
-347.211 , 
-184.384 , 
-207.851 , 
-148.869 , 
-40.3453 , 
-319.087 , 
-217.169 , 
-116.223 , 
-289.827 , 
-40.13 , 
-187.901 , 
-43.3341 , 
-362.542 , 
-376.127 , 
-215.264 , 
-289.001 , 
-72.106 , 
-327.154 , 
-62.1466 , 
-401.853 , 
-336.928 , 
-56.5053 , 
-9.9908 , 
-240.788 , 
-270.745 , 
-121.371 , 
-89.9653 , 
-4.3433 , 
-272.344 , 
-6.86786 , 
-222.51 , 
-29.755 , 
-367.194 , 
-153.283 , 
-34.4862 , 
-145.194 , 
-194.767 , 
-304.432 , 
-25.3454 , 
-170.713 , 
-67.1589 , 
-36.9381 , 
-76.7806 , 
-205.516 , 
-302.197 , 
-167.985 , 
-122.943 , 
-295.916 , 
-178.787 , 
-130.688 , 
-214.95 , 
-151.23 , 
-38.1797 , 
-343.929 , 
-5.86452 , 
-364.004 , 
-14.2051 , 
-193.312 , 
-307.585 , 
-156.99 , 
-163.727 , 
-184.039 , 
-40.8707 , 
-21.9612 , 
-334.742 , 
-173.723 , 
-403.398 , 
-12.3745 , 
-163.882 , 
-21.8605 , 
-128.693 , 
-416.148 , 
-88.9475 , 
-129.297 , 
-563.037 , 
-39.6469 , 
-384.694 , 
-122.251 , 
-198.435 , 
-86.1973 , 
-218.441 , 
-203.116 , 
-148.683 , 
-132.47 , 
-226.694 , 
-437.738 , 
-18.6128 , 
-31.5894 , 
-19.982 , 
-42.6965 , 
-79.1202 , 
-308.752 , 
-147.421 , 
-180.964 , 
-142.543 , 
-168.719 , 
-169.166 , 
-317.266 , 
-70.871 , 
-45.693 , 
-131.495 , 
-49.1387 , 
-67.3678 , 
-120.228 , 
-31.5611 , 
-85.95 , 
-278.358 , 
-408.649 , 
-63.3062 , 
-229.607 , 
-269.909 , 
-213.461 , 
-119.772 , 
-133.406 , 
-7.04795 , 
-344.869 , 
-130.626 , 
-39.7358 , 
-189.81 , 
-249.912 , 
-316.488 , 
-56.358 , 
-430.113 , 
-72.6085 , 
-368.857 , 
-199.734 , 
-195.832 , 
-388.634 , 
-222.244 , 
-76.1712 , 
-277.527 , 
-217.687 , 
-416.291 , 
-19.0363 , 
-217.652 , 
-331.808 , 
-326.495 , 
-148.798 , 
-248.172 , 
-41.4851 , 
-303.285 , 
-228.772 , 
-3.94991 , 
-346.902 , 
-106.381 , 
-191.456 , 
-9.66725 , 
-102.115 , 
-80.2966 , 
-76.9183 , 
-3.56161 , 
-3.29343 , 
-1.3654 , 
-374.939 , 
-43.8053 , 
-327.557 , 
-4.8524 , 
-273.788 , 
-176.423 , 
-206.03 , 
-339.38 , 
-138.343 , 
-115.845 , 
-199.404 , 
-277.744 , 
-41.1361 , 
-40.2863 , 
-87.4503 , 
-48.9425 , 
-157.843 , 
-225.751 , 
-287.959 , 
-235.461 , 
-1.65387 , 
-69.9927 , 
-36.2991 , 
-0.940663 , 
-98.19 , 
-149.93 , 
-162.223 , 
-48.0116 , 
-336.464 , 
-18.323 , 
-155.079 , 
-230.32 , 
-308.42 , 
-90.8856 , 
-138.015 , 
-110.242 , 
-295.108 , 
-338.084 , 
-204.572 , 
-4.14147 , 
-54.9261 , 
-0.834738 , 
-286.857 , 
-38.9277 , 
-215.821 , 
-378.176 , 
-226.105 , 
-63.2394 , 
-117.995 , 
-9.58517 , 
-330.686 , 
-74.6015 , 
-253.31 , 
-206.562 , 
-118.56 , 
-58.0362 , 
-5.65304 , 
-290.828 , 
-75.1947 , 
-251.093 , 
-263.305 , 
-122.637 , 
-266.612 , 
-310.607 , 
-283.908 , 
-11.6196 , 
-41.9757 , 
-10.7679 , 
-11.863 , 
-105.025 , 
-312.895 , 
-216.729 , 
-383.078 , 
-200.398 , 
-2.84784 , 
-59.8426 , 
-87.1247 , 
-34.9409 , 
-80.5528 , 
-253.538 , 
-59.1861 , 
-26.2569 , 
-80.0812 , 
-22.1964 , 
-1.93974 , 
-476.676 , 
-323.379 , 
-80.4516 , 
-336.801 , 
-406.989 , 
-30.5481 , 
-99.588 , 
-139.164 , 
-118.133 , 
-63.9707 , 
-264.929 , 
-264.932 , 
-123.222 , 
-1.49004 , 
-299.148 , 
-63.244 , 
-73.8322 , 
-227.759 , 
-332.959 , 
-235.741 , 
-241.496 , 
-17.763 , 
-201.728 , 
-108.336 , 
-90.595 , 
-101.594 , 
-99.6994 , 
-286.497 , 
-165.136 , 
-40.196 , 
-79.9084 , 
-77.3786 , 
-40.6011 , 
-28.9227 , 
-368.011 , 
-336.554 , 
-120.925 , 
-105.576 , 
-16.3792 , 
-358.119 , 
-234.993 , 
-161.501 , 
-326.274 , 
-25.4337 , 
-62.26 , 
-350.75 , 
-211.806 , 
-215.691 , 
-70.6506 , 
-57.0192 , 
-53.1987 , 
-118.655 , 
-325.994 , 
-264.466 , 
-432.401 , 
-188.205 , 
-135.296 , 
-224.265 , 
-45.527 , 
-145.508 , 
-318.036 , 
-1.34564 , 
-212.473 , 
-1.65915 , 
-306.686 , 
-372.862 , 
-284.401 , 
-116.39 , 
-109.041 , 
-46.3599 , 
-252.391 , 
-239.983 , 
-73.5611 , 
-276.163 , 
-497.692 , 
-147.022 , 
-5.77387 , 
-240.924 , 
-192.243 , 
-148.259 , 
-80.18 , 
-33.9278 , 
-283.802 , 
-203.938 , 
-133.727 , 
-215.65 , 
-55.2412 , 
-200.466 , 
-6.81914 , 
-281.824 , 
-373.733 , 
-5.32686 , 
-212.314 , 
-235.068 , 
-0.196924 , 
-338.878 , 
-89.0819 , 
-275.417 , 
-195.259 , 
-147.713 , 
-334.809 , 
-65.4997 , 
-4.63065 , 
-212.58 , 
-91.4638 , 
-164.287 , 
-322.468 , 
-221.513 , 
-160.222 , 
-115.683 , 
-292.1 , 
-26.974 , 
-1.72313 , 
-320.764 , 
-324.998 , 
-286.248 , 
-61.2961 , 
-6.89779 , 
-48.8761 , 
-12.264 , 
-11.417 , 
-321.32 , 
-196.523 , 
-179.17 , 
-285.706 , 
-73.897 , 
-265.951 , 
-46.1643 , 
-35.0495 , 
-150.203 , 
-48.8013 , 
-35.9177 , 
-300.16 , 
-2.93364 , 
-5.12649 , 
-280.612 , 
-382.84 , 
-205.545 , 
-140.344 , 
-320.137 , 
-135.341 , 
-18.0121 , 
-128.29 , 
-44.7931 , 
-348.91 , 
-174.683 , 
-283.59 , 
-202.579 , 
-128.964 , 
-3.29634 , 
-5.76418 , 
-15.9839 , 
-27.5544 , 
-190.115 , 
-200.773 , 
-297.453 , 
-30.3332 , 
-289.224 , 
-421.052 , 
-95.2011 , 
-83.6269 , 
-71.2566 , 
-102.923 , 
-21.5209 , 
-39.6947 , 
-126.069 , 
-46.9496 , 
-323.902 , 
-196.646 , 
-49.2144 , 
-217.089 , 
-6.72049 , 
-288.85 , 
-273.7 , 
-212.135 , 
-256.21 , 
-126.831 , 
-290.552 , 
-132.305 , 
-267.087 , 
-278.439 , 
-65.9718 , 
-133.44 , 
-129.969 , 
-266.677 , 
-250.943 , 
-310.199 , 
-183.763 , 
-137.963 , 
-1.63623 , 
-5.64912 , 
-106.148 , 
-132.338 , 
-63.0222 , 
-225.374 , 
-174.813 , 
-253.039 , 
-2.81344 , 
-208.996 , 
-47.671 , 
-16.8263 , 
-154.993 , 
-76.6201 , 
-182.353 , 
-146.009 , 
-147.566 , 
-30.9235 , 
-2.25061 , 
-3.74022 , 
-33.493 , 
-91.1997 , 
-247.404 , 
-368.213 , 
-8.88396 , 
-56.3919 , 
-46.5312 , 
-91.9562 , 
-422.66 , 
-315.418 , 
-14.426 , 
-25.9783 , 
-282.384 , 
-195.106 , 
-31.947 , 
-57.0282 , 
-171.146 , 
-18.905 , 
-109.003 , 
-6.0843 , 
-19.6504 , 
-185.391 , 
-202.569 , 
-321.521 , 
-143.749 , 
-278.801 , 
-132.586 , 
-268.834 , 
-341.361 , 
-93.0623 , 
-122.58 , 
-40.4935 , 
-175.189 , 
-105.281 , 
-209.992 , 
-100.629 , 
-23.7717 , 
-6.19018 , 
-16.0639 , 
-200.505 , 
-59.9916 , 
-51.9227 , 
-94.2007 , 
-77.9536 , 
-120.839 , 
-233.487 , 
-191.537 , 
-100.525 , 
-23.4341 , 
-270.656 , 
-33.5318 , 
-244.259 , 
-49.7974 , 
-58.1899 , 
-180.136 , 
-48.4951 , 
-34.9331 , 
-156.717 , 
-218.553 , 
-170.501 , 
-68.3841 , 
-378.114 , 
-333.72 , 
-203.131 , 
-212.848 , 
-91.2693 , 
-19.2034 , 
-137.791 , 
-312.046 , 
-73.6351 , 
-111.098 , 
-367.372 , 
-140.485 , 
-173.415 , 
-8.10846 , 
-83.3562 , 
-283.78 , 
-329.974 , 
-128.831 , 
-39.767 , 
-36.8746 , 
-26.8221 , 
-61.3694 , 
-475.156 , 
-210.505 , 
-119.303 , 
-26.8613 , 
-89.6814 , 
-156.613 , 
-58.4401 , 
-104.463 , 
-82.3032 , 
-167.095 , 
-280.359 , 
-15.5576 , 
-35.8287 , 
-154.936 , 
-253.017 , 
-324.435 , 
-190.106 , 
-61.0054 , 
-101.628 , 
-222.999 , 
-127.511 , 
-64.5901 , 
-144.716 , 
-196.829 , 
-40.2147 , 
-194.049 , 
-36.5667 , 
-5.31018 , 
-64.9633 , 
-180.863 , 
-274.386 , 
-146.936 , 
-26.2228 , 
-14.9469 , 
-229.204 , 
-38.4108 , 
-155.783 , 
-6.30445 , 
-155.557 , 
-188.663 , 
-27.0626 , 
-157.232 , 
-61.7166 , 
-303.747 , 
-15.7112 , 
-313.785 , 
-142.979 , 
-246.596 , 
-46.3827 , 
-112.47 , 
-247.054 , 
-87.1012 , 
-57.8775 , 
-266.26 , 
-125.901 , 
-240.399 , 
-31.7273 , 
-26.5994 , 
-32.9775 , 
-34.7483 , 
-208.286 , 
-280.077 , 
-57.4428 , 
-54.7209 , 
-13.0132 , 
-123.204 , 
-241.504 , 
-91.6661 , 
-72.7345 , 
-338.295 , 
-6.92188 , 
-327.06 , 
-119.246 , 
-13.4551 , 
-79.6918 , 
-17.7653 , 
-14.4586 , 
-30.1508 , 
-259.519 , 
-19.4645 , 
-215.125 , 
-273.265 , 
-124.416 , 
-81.9023 , 
-191.881 , 
-73.6522 , 
-26.3355 , 
-352.234 , 
-82.8789 , 
-199.531 , 
-188.568 , 
-235.64 , 
-304.441 , 
-10.3525 , 
-264.499 , 
-349.438 , 
-24.5742 , 
-93.0648 , 
-219.616 , 
-268.293 , 
-140.287 , 
-189.934 , 
-177.742 , 
-293.093 , 
-14.141 , 
-125.602 , 
-47.2141 , 
-96.1076 , 
-74.1992 , 
-249.146 , 
-84.2803 , 
-194.36 , 
-101.558 , 
-85.5773 , 
-29.4413 , 
-84.3034 , 
-18.4818 , 
-285.865 , 
-111.237 , 
-259.574 , 
-104.54 , 
-154.404 , 
-68.512 , 
-8.74539 , 
-55.3662 , 
-346.533 , 
-39.3253 , 
-273.463 , 
-296.989 , 
-318.805 , 
-216.318 , 
-79.0314 , 
-232.918 , 
-390.11 , 
-258.521 , 
-47.2932 , 
-187.2 , 
-177.292 , 
-93.0211 , 
-111.191 , 
-311.465 , 
-34.0758 , 
-284.169 , 
-109.349 , 
-46.3115 , 
-17.3237 , 
-23.1759 , 
-28.4495 , 
-79.8758 , 
-54.6359 , 
-9.99771 , 
-54.2617 , 
-95.0556 , 
-12.9786 , 
-101.528 , 
-237.672 , 
-13.879 , 
-118.612 , 
-316.145 , 
-290.988 , 
-167.849 , 
-25.0021 , 
-309.015 , 
-269.82 , 
-224.055 , 
-30.2711 , 
-125.163 , 
-143.915 , 
-14.1851 , 
-214.372 , 
-141.279 , 
-383.495 , 
-274.37 , 
-47.3203 , 
-344.893 , 
-24.5414 , 
-17.177 , 
-291.432 , 
-293.724 , 
-307.135 , 
-25.1252 , 
-24.2484 , 
-150.876 , 
-387.592 , 
-314.559 , 
-204.724 , 
-76.5234 , 
-73.0389 , 
-73.8162 , 
-49.1795 , 
-230.298 , 
-55.4995 , 
-67.2376 , 
-23.4233 , 
-183.235 , 
-60.6028 , 
-123.282 , 
-232.269 , 
-185.882 , 
-313.005 , 
-230.544 , 
-100.216 , 
-537.381 , 
-168.711 , 
-88.2543 , 
-20.1762 , 
-290.668 , 
-78.5291 , 
-105.978 , 
-66.1484 , 
-312.337 , 
-56.7267 , 
-175.912 , 
-111.798 , 
-51.0063 , 
-57.6996 , 
-37.5474 , 
-136.248 , 
-90.5548 , 
-34.2579 , 
-181.356 , 
-43.7592 , 
-129.466 , 
-79.6725 , 
-248.153 , 
-127.771 , 
-33.9172 , 
-188.099 , 
-302.189 , 
-100.044 , 
-49.4502 , 
-72.445 , 
-61.9943 , 
-86.4892 , 
-276.424 , 
-63.367 , 
-338.991 , 
-134.304 , 
-315.874 , 
-139.251 , 
-23.2213 , 
-24.8744 , 
-45.4925 , 
-20.9023 , 
-119.827 , 
-73.9732 , 
-340.608 , 
-43.7272 , 
-142.243 , 
-24.672 , 
-31.1417 , 
-123.567 , 
-170.786 , 
-105.878 , 
-57.5576 , 
-305.412 , 
-185.362 , 
-96.1006 , 
-247.52 , 
-264.166 , 
-56.2628 , 
-275.446 , 
-36.444 , 
-309.557 , 
-285.22 , 
-100.837 , 
-298.052 , 
-32.2685 , 
-200.479 , 
-286.447 , 
-220.402 , 
-188.767 , 
-244.846 , 
-80.4698 , 
-24.7299 , 
-286.676 , 
-444.818 , 
-282.111 , 
-313.791 , 
-50.3056 , 
-292.401 , 
-233.463 , 
-279.607 , 
-230.759 , 
-112.622 , 
-267.159 , 
-176.219 , 
-218.949 , 
-22.5803 , 
-193.246 , 
-217.095 , 
-408.836 , 
-163.674 , 
-55.6148 , 
-295.935 , 
-128.971 , 
-105.232 , 
-56.6896 , 
-306.914 , 
-39.8504 , 
-246.29 , 
-137.556 , 
-273.675 , 
-86.4503 , 
-358.63 , 
-288.063 , 
-38.5345 , 
-118.244 , 
-161.538 , 
-132.259 , 
-389.59 , 
-164.734 , 
-71.3193 , 
-336.924 , 
-132.031 , 
-59.4753 , 
-46.0724 , 
-36.646 , 
-30.421 , 
-159.551 , 
-289.479 , 
-172.069 , 
-145.386 , 
-196.318 , 
-118.709 , 
-29.3377 , 
-67.2423 , 
-193.437 , 
-175.358 , 
-182.577 , 
-35.7725 , 
-168.423 , 
-79.2794 , 
-66.1911 , 
-172.764 , 
-128.278 , 
-53.8348 , 
-75.3349 , 
-88.5517 , 
-131.083 , 
-259.872 , 
-30.4049 , 
-40.446 , 
-178.72 , 
-40.6415 , 
-164.147 , 
-338.143 , 
-156.165 , 
-317.09 , 
-323.621 , 
-66.7856 , 
-216.03 , 
-31.9396 , 
-70.0049 , 
-137.71 , 
-66.4545 , 
-52.1652 , 
-31.9533 , 
-348.58 , 
-74.9491 , 
-304.793 , 
-81.9295 , 
-53.2136 , 
-33.6602 , 
-116.574 , 
-311.446 , 
-63.5996 , 
-177.788 , 
-384.596 , 
-342.048 , 
-31.063 , 
-326.326 , 
-200.39 , 
-231.88 , 
-445.354 , 
-94.8813 , 
-344.386 , 
-212.599 , 
-49.7667 , 
-140.138 , 
-261.402 , 
-341.789 , 
-311.818 , 
-66.8547 , 
-170.83 , 
-101.8 , 
-294.982 , 
-63.2236 , 
-127.976 , 
-38.0009 , 
-35.0736 , 
-279.506 , 
-358.743 , 
-172.696 , 
-81.9472 , 
-36.0214 , 
-240.109 , 
-70.5303 , 
-102.098 , 
-108.416 , 
-45.5995 , 
-75.9215 , 
-225.583 , 
-244.794 , 
-129.539 , 
-135.645 , 
-47.0585 , 
-346.786 , 
-139.915 , 
-183.571 , 
-125.404 , 
-156.731 , 
-325.734 , 
-266.557 , 
-215.589 , 
-189.525 , 
-117.739 , 
-400.541 , 
-305.242 , 
-103.704 , 
-130.263 , 
-56.9279 , 
-152.484 , 
-114.122 , 
-57.8881 , 
-239.961 , 
-294.652 , 
-67.4053 , 
-33.493 , 
-188.491 , 
-177.848 , 
-149.786 , 
-295.169 , 
-229.728 , 
-168.503 , 
-276.909 , 
-133.822 , 
-156.523 , 
-118.475 , 
-95.9655 , 
-283.267 , 
-66.1023 , 
-256.407 , 
-64.1654 , 
-74.5069 , 
-114.331 , 
-52.8729 , 
-37.802 , 
-118.993 , 
-121.93 , 
-331.371 , 
-131.287 , 
-119.689 , 
-48.9842 , 
-70.9794 , 
-60.4999 , 
-51.4952 , 
-125.681 , 
-95.5577 , 
-315.207 , 
-145.619 , 
-158.218 , 
-63.0202 , 
-267.78 , 
-80.7993 , 
-221.268 , 
-360.834 , 
-131.166 , 
-105.003 , 
-189.814 , 
-272.916 , 
-128.121 , 
-157.832 , 
-141.834 , 
-388.775 , 
-201.679 , 
-180.683 , 
-104.975 , 
-220.132 , 
-191.611 , 
-77.1483 , 
-153.741 , 
-150.293 , 
-256.779 , 
-91.6318 , 
-216.862 , 
-62.2318 , 
-57.0217 , 
-284.802 , 
-147.936 , 
-216.466 , 
-429.514 , 
-136.33 , 
-164.797 , 
-54.8735 , 
-111.52 , 
-317.855 , 
-77.0542 , 
-228.814 , 
-234.589 , 
-69.2349 , 
-143.885 , 
-50.094 , 
-71.4706 , 
-86.8115 , 
-443.033 , 
-291.821 , 
-157.498 , 
-167.318 , 
-60.3558 , 
-117.736 , 
-80.6113 , 
-239.666 , 
-316.456 , 
-260.089 , 
-51.5805 , 
-244.362 , 
-316.373 , 
-48.1062 , 
-81.3528 , 
-235.616 , 
-60.8242 , 
-73.0587 , 
-300.007 , 
-44.9011 , 
-245.493 , 
-128.071 , 
-118.094 , 
-154.258 , 
-139.95 , 
-63.2887 , 
-290.619 , 
-240.916 , 
-93.155 , 
-200.729 , 
-60.3637 , 
-161.633 , 
-216.783 , 
-203.306 , 
-191.329 , 
-90.2899 , 
-63.0449 , 
-217.439 , 
-38.9492 , 
-285.941 , 
-178.428 , 
-96.2935 , 
-360.224 , 
-131.433 , 
-351.721 , 
-157.826 , 
-335.978 , 
-167.011 , 
-142.125 , 
-358.271 , 
-278.43 , 
-98.2739 , 
-157.126 , 
-51.0911 , 
-205.367 , 
-246.23 , 
-276.213 , 
-364.233 , 
-190.857 , 
-315.25 , 
-308.544 , 
-88.8164 , 
-146.364 , 
-191.222 , 
-428.973 , 
-182.58 , 
-136.414 , 
-81.2656 , 
-270.858 , 
-429.262 , 
-279.982 , 
-66.5762 , 
-70.9083 , 
-50.0528 , 
-107.101 , 
-39.5858 , 
-209.703 , 
-204.494 , 
-40.3063 , 
-342.951 , 
-125.033 , 
-211.874 , 
-137.139 , 
-66.2149 , 
-123.128 , 
-239.793 , 
-48.551 , 
-300.676 , 
-99.3153 , 
-102.899 , 
-92.2873 , 
-267.919 , 
-92.8164 , 
-304.653 , 
-46.598 , 
-156.346 , 
-97.2302 , 
-54.3279 , 
-199.793 , 
-208.019 , 
-284.69 , 
-199.886 , 
-311.017 , 
-68.5476 , 
-66.7038 , 
-51.4551 , 
-159.705 , 
-174.713 , 
-177.571 , 
-289.73 , 
-136.92 , 
-322.118 , 
-54.1166 , 
-65.5772 , 
-45.3197 , 
-178.634 , 
-65.8674 , 
-67.859 , 
-145.24 , 
-53.6514 , 
-41.8279 , 
-126.046 , 
-293.695 , 
-98.2797 , 
-116.407 , 
-230.092 , 
-98.9361 , 
-89.7281 , 
-321.425 , 
-87.6709 , 
-241.458 , 
-46.1663 , 
-358.792 , 
-55.2749 , 
-74.1652 , 
-176.226 , 
-209.046 , 
-218.929 , 
-186.146 , 
-251.112 , 
-320.81 , 
-177.221 , 
-273.375 , 
-141.847 , 
-110.398 , 
-76.0559 , 
-45.2767 , 
-45.0788 , 
-98.2797 , 
-89.1349 , 
-66.0042 , 
-127.364 , 
-68.4396 , 
-107.667 , 
-123.805 , 
-338.452 , 
-315.017 , 
-142.229 , 
-95.2824 , 
-236.935 , 
-59.7544 , 
-224.798 , 
-44.1461 , 
-206.029 , 
-295.834 , 
-96.469 , 
-71.4401 , 
-80.506 , 
-189.939 , 
-63.5447 , 
-33.7888 , 
-153.125 , 
-270.335 , 
-199.559 , 
-330.189 , 
-79.511 , 
-269.363 , 
-182.428 , 
-48.288 , 
-360.054 , 
-45.3215 , 
-255.55 , 
-322.025 , 
-332.273 , 
-44.7261 , 
-130.596 , 
-79.6084 , 
-130.833 , 
-236.311 , 
-255.249 , 
-52.1955 , 
-178.568 , 
-213.313 , 
-65.2701 , 
-114.249 , 
-82.6293 , 
-64.1339 , 
-303.069 , 
-243.294 , 
-65.1998 , 
-194.536 , 
-60.5268 , 
-105.191 , 
-194.999 , 
-106.097 , 
-328.784 , 
-67.0354 , 
-119.576 , 
-59.7194 , 
-175.042 , 
-94.5821 , 
-310.933 , 
-339.716 , 
-172.385 , 
-310.853 , 
-318.122 , 
-202.211 , 
-95.3554 , 
-163.606 , 
-60.0943 , 
-156.572 , 
-379.492 , 
-106.666 , 
-72.0319 , 
-46.7988 , 
-100.393 , 
-59.0513 , 
-193.384 , 
-214.43 , 
-391.119 , 
-174.875 , 
-54.6505 , 
-200.25 , 
-57.4148 , 
-202.257 , 
-225.692 , 
-98.2204 , 
-271.055 , 
-57.0244 , 
-120.185 , 
-58.545 , 
-122.035 , 
-179.282 , 
-154.272 , 
-136.065 , 
-174.363 , 
-105.705 , 
-255.21 , 
-263.851 , 
-312.02 , 
-48.6562 , 
-106.063 , 
-165.737 , 
-354.902 , 
-68.8897 , 
-324.889 , 
-236.729 , 
-172.642 , 
-258.352 , 
-183.614 , 
-232.452 , 
-99.138 , 
-46.3359 , 
-173.983 , 
-236.317 , 
-43.4553 , 
-368.33 , 
-333.167 , 
-146.635 , 
-220.982 , 
-232.524 , 
-37.6458 , 
-79.47 , 
-218.759 , 
-45.32 , 
-233.037 , 
-299.099 , 
-58.9295 , 
-57.9607 , 
-182.501 , 
-122.075 , 
-212.226 , 
-284.535 , 
-89.9112 , 
-153.367 , 
-159.215 , 
-91.2564 , 
-47.383 , 
-216.741 , 
-264.522 , 
-48.4518 , 
-350.819 , 
-83.3042 , 
-142.739 , 
-109.866 , 
-160.648 , 
-109.28 , 
-372.298 , 
-67.2764 , 
-326.155 , 
-86.6948 , 
-126.822 , 
-208.466 , 
-193.052 , 
-386.17 , 
-227.99 , 
-67.4636 , 
-348.076 , 
-178.769 , 
-43.2097 , 
-69.695 , 
-149.544 , 
-82.6076 , 
-231.182 , 
-44.3947 , 
-63.2667 , 
-145.887 , 
-39.087 , 
-68.7711 , 
-145.659 , 
-48.3274 , 
-32.9783 , 
-62.8383 , 
-221.577 , 
-83.1646 , 
-54.6625 , 
-82.9943 , 
-43.8095 , 
-49.6125 , 
-86.9566 , 
-80.8965 , 
-309.267 , 
-149.06 , 
-88.7549 , 
-356.179 , 
-136.258 , 
-226.75 , 
-354.444 , 
-74.4639 , 
-216.821 , 
-184.582 , 
-308.961 , 
-365.145 , 
-185.54 , 
-163.99 , 
-68.3663 , 
-186.682 , 
-208.14 , 
-261.318 , 
-88.9318 , 
-72.2157 , 
-38.4223 , 
-111.463 , 
-36.7154 , 
-79.3577 , 
-96.1277 , 
-49.8081 , 
-103.938 , 
-141.388 , 
-116.53 , 
-293.712 , 
-157.182 , 
-43.0568 , 
-157.787 , 
-207.794 , 
-237.658 , 
-50.4528 , 
-113.599 , 
-103.887 , 
-49.9167 , 
-198.062 , 
-141.921 , 
-254.893 , 
-176.962 , 
-70.6489 , 
-130.542 , 
-47.1169 , 
-77.5582 , 
-322.027 , 
-295.982 , 
-143.507 , 
-331.04 , 
-47.8845 , 
-71.1394 , 
-66.0834 , 
-75.8608 , 
-302.617 , 
-46.7187 , 
-126.212 , 
-364.745 , 
-321.042 , 
-187.035 , 
-230.454 , 
-53.4876 , 
-39.4723 , 
-63.1351 , 
-109.174 , 
-76.1556 , 
-305.744 , 
-126.025 , 
-357.418 , 
-303.106 , 
-118.051 , 
-309.617 , 
-129.136 , 
-117.344 , 
-119.36 , 
-219.802 , 
-144.145 , 
-282.679 , 
-97.7498 , 
-98.5126 , 
-160.827 , 
-76.2637 , 
-157.235 , 
-99.3814 , 
-88.2366 , 
-216.779 , 
-309.31 , 
-70.8682 , 
-196.869 , 
-283.956 , 
-302.867 , 
-122.364 , 
-218.947 , 
-73.7318 , 
-137.77 , 
-108.893 , 
-170.137 , 
-197.819 , 
-321.021 , 
-52.4683 , 
-138.422 , 
-300.764 , 
-251.131 , 
-73.9824 , 
-217.896 , 
-296.025 , 
-115.583 , 
-149.328 , 
-52.9811 , 
-245.01 , 
-443.933 , 
-239.178 , 
-54.627 , 
-74.8594 , 
-328.689 , 
-158.155 , 
-266.91 , 
-63.5012 , 
-300.434 , 
-293.08 , 
-101.957 , 
-374.039 , 
-69.9014 , 
-391.709 , 
-71.8128 , 
-241.832 , 
-102.614 , 
-141.062 , 
-88.4873 , 
-78.0253 , 
-214.04 , 
-41.7544 , 
-62.2287 , 
-31.3683 , 
-275.694 , 
-242.471 , 
-83.2449 , 
-123.325 , 
-91.8295 , 
-148.758 , 
-411.429 , 
-124.293 , 
-57.2353 , 
-196.704 , 
-357.885 , 
-46.5007 , 
-213.234 , 
-104.664 , 
-199.632 , 
-140.001 , 
-80.5535 , 
-117.336 , 
-72.1323 , 
-211.509 , 
-189.648 , 
-40.7296 , 
-274.907 , 
-84.6935 , 
-42.689 , 
-184.001 , 
-299.838 , 
-45.3095 , 
-134.3 , 
-300.217 , 
-146.431 , 
-48.7236 , 
-103.934 , 
-55.0874 , 
-356.624 , 
-249.187 , 
-148.568 , 
-277.502 , 
-299.398 , 
-204.964 , 
-87.3524 , 
-136.59 , 
-394.482 , 
-198.524 , 
-278.315 , 
-297.551 , 
-117.31 , 
-341.663 , 
-225.463 , 
-223.778 , 
-59.1175 , 
-387.088 , 
-151.137 , 
-54.8177 , 
-126.04 , 
-179.643 , 
-362.508 , 
-323.406 , 
-104.399 , 
-324.306 , 
-83.5362 , 
-105.161 , 
-158.711 , 
-120.485 , 
-240.305 , 
-117.551 , 
-46.1143 , 
-115.472 , 
-181.106 , 
-138.436 , 
-206.348 , 
-72.2728 , 
-276.697 , 
-65.2284 , 
-217.788 , 
-98.7337 , 
-44.7597 , 
-324.379 , 
-318.469 , 
-49.6261 , 
-149.731 , 
-69.2234 , 
-45.0068 , 
-50.6892 , 
-142.253 , 
-345.494 , 
-57.9875 , 
-40.733 , 
-331.038 , 
-55.6961 , 
-231.516 , 
-265.162 , 
-137.872 , 
-104.605 , 
-132.034 , 
-62.7298 , 
-126.576 , 
-352.593 , 
-80.9428 , 
-256.471 , 
-62.7251 , 
-315.782 , 
-165.741 , 
-113.505 , 
-275.041 , 
-107.859 , 
-43.6579 , 
-398.561 , 
-312.375 , 
-132.885 , 
-352.742 , 
-224.79 , 
-41.2728 , 
-390.26 , 
-228.535 , 
-328.889 , 
-90.2767 , 
-217.496 , 
-245.451 , 
-272.233 , 
-131.643 , 
-173.033 , 
-290.397 , 
-154.187 , 
-279.262 , 
-321.896 , 
-182.304 , 
-416.46 , 
-68.1967 , 
-294.645 , 
-213.959 , 
-84.503 , 
-47.3051 , 
-48.6784 , 
-239.787 , 
-109.132 , 
-347.238 , 
-49.3369 , 
-126.161 , 
-205.024 , 
-111.378 , 
-271.29 , 
-93.4694 , 
-72.0997 , 
-245.352 , 
-41.9063 , 
-56.58 , 
-188.492 , 
-42.9862 , 
-83.5576 , 
-64.5511 , 
-69.3784 , 
-45.0026 , 
-54.5692 , 
-49.5338 , 
-133.359 , 
-260.835 , 
-263.752 , 
-45.7268 , 
-123.036 , 
-197.732 , 
-40.1474 , 
-52.9121 , 
-45.985 , 
-48.7188 , 
-35.5188 , 
-401.619 , 
-313.524 , 
-385.052 , 
-55.3732 , 
-103.978 , 
-75.7718 , 
-231.718 , 
-88.9395 , 
-165.293 , 
-242.747 , 
-37.8843 , 
-55.1186 , 
-57.3655 , 
-320.15 , 
-135.394 , 
-372.107 , 
-44.606 , 
-270.908 , 
-99.6891 , 
-215.897 , 
-208.642 , 
-45.7601 , 
-77.8668 , 
-44.8655 , 
-110.383 , 
-106.26 , 
-40.8426 , 
-101.021 , 
-49.7218 , 
-387.154 , 
-114.509 , 
-88.5834 , 
-108.984 , 
-40.2762 , 
-102.695 , 
-302.138 , 
-108.458 , 
-247.731 , 
-39.8817 , 
-97.8422 , 
-44.7804 , 
-204.237 , 
-58.1459 , 
-78.4481 , 
-161.544 , 
-98.8074 , 
-103.606 , 
-72.7162 , 
-100.467 , 
-53.1659 , 
-108.061 , 
-93.1139 , 
-241.046 , 
-287.425 , 
-323.266 , 
-56.8401 , 
-297.981 , 
-47.5157 , 
-165.24 , 
-84.0179 , 
-152.501 , 
-46.1349 , 
-252.659 , 
-190.076 , 
-369.756 , 
-274.794 , 
-326.869 , 
-61.3769 , 
-216.22 , 
-245.458 , 
-63.5276 , 
-138.998 , 
-118.654 , 
-75.6371 , 
-46.8828 , 
-364.827 , 
-71.8178 , 
-232.098 , 
-42.0902 , 
-231.311 , 
-133.131 , 
-317.894 , 
-160.299 , 
-70.1933 , 
-47.4558 , 
-221.815 , 
-205.97 , 
-104.352 , 
-43.9181 , 
-307.683 , 
-96.5011 , 
-46.5201 , 
-188.655 , 
-42.9748 , 
-112.247 , 
-83.7879 , 
-130.032 , 
-99.3817 , 
-94.613 , 
-276.377 , 
-70.6084 , 
-215.933 , 
-292.197 , 
-81.352 , 
-96.0252 , 
-141.843 , 
-315.173 , 
-62.1896 , 
-51.5935 , 
-52.3735 , 
-81.2864 , 
-230.27 , 
-95.8643 , 
-183.28 , 
-220.743 , 
-239.79 , 
-65.8027 , 
-244.787 , 
-105.867 , 
-175.721 , 
-221.537 , 
-47.3025 , 
-55.3115 , 
-120.859 , 
-99.9719 , 
-63.4893 , 
-80.3906 , 
-49.4034 , 
-59.1941 , 
-183.941 , 
-235.996 , 
-264.946 , 
-307.785 , 
-135.815 , 
-308.283 , 
-277.402 , 
-285.258 , 
-75.6138 , 
-193.369 , 
-255.319 , 
-48.3239 , 
-344.331 , 
-50.0642 , 
-302.39 , 
-50.5285 , 
-289.799 , 
-196.247 , 
-97.2652 , 
-149.482 , 
-202.477 , 
-51.9008 , 
-39.4026 , 
-135.856 , 
-385.11 , 
-248.767 , 
-296.277 , 
-163.701 , 
-147.849 , 
-101.164 , 
-264.684 , 
-57.8027 , 
-173.967 , 
-34.6838 , 
-336.928 , 
-169.391 , 
-262.954 , 
-138.361 , 
-187.049 , 
-73.9707 , 
-97.5527 , 
-134.903 , 
-284.76 , 
-134.063 , 
-31.6963 , 
-337.558 , 
-81.9002 , 
-56.1088 , 
-243.367 , 
-172.477 , 
-33.449 , 
-246.434 , 
-322.627 , 
-193.951 , 
-65.2355 , 
-172.421 , 
-148.037 , 
-176.852 , 
-361.227 , 
-38.9153 , 
-310.658 , 
-170.894 , 
-55.3143 , 
-122.211 , 
-137.571 , 
-37.4149 , 
-111.744 , 
-150.563 , 
-295.101 , 
-258.248 , 
-42.294 , 
-159.085 , 
-400.217 , 
-304.341 , 
-349.879 , 
-80.3476 , 
-220.356 , 
-291.329 , 
-73.3267 , 
-53.4362 , 
-424.253 , 
-264.581 , 
-51.394 , 
-134.223 , 
-270.656 , 
-73.8589 , 
-67.973 , 
-100.609 , 
-234.919 , 
-214.809 , 
-384.256 , 
-220.811 , 
-241.843 , 
-91.2109 , 
-253.252 , 
-51.0527 , 
-117.859 , 
-218.108 , 
-96.7251 , 
-122.202 , 
-239.883 , 
-398.008 , 
-149.99 , 
-206.483 , 
-40.6635 , 
-127.652 , 
-79.3282 , 
-235.839 , 
-210.556 , 
-62.0341 , 
-288.774 , 
-188.624 , 
-116.466 , 
-110.791 , 
-252.312 , 
-121.626 , 
-156.001 , 
-110.246 , 
-264.026 , 
-60.3161 , 
-66.1098 , 
-113.005 , 
-175.714 , 
-72.6468 , 
-63.7851 , 
-334.887 , 
-190.028 , 
-146.744 , 
-187.502 , 
-99.2293 , 
-371.011 , 
-173.856 , 
-194.212 , 
-50.6399 , 
-444.768 , 
-118.776 , 
-263.643 , 
-38.7543 , 
-125.689 , 
-213.091 , 
-356.662 , 
-239.968 , 
-143.502 , 
-97.5845 , 
-99.3918 , 
-205.731 , 
-75.8358 , 
-109.172 , 
-96.4067 , 
-359.552 , 
-149.911 , 
-44.0667 , 
-73.303 , 
-77.753 , 
-189.825 , 
-107.166 , 
-41.1744 , 
-68.0205 , 
-44.3277 , 
-123.5 , 
-72.0594 , 
-303.411 , 
-66.7607 , 
-49.6956 , 
-228.355 , 
-330.678 , 
-115.794 , 
-70.3922 , 
-219.485 , 
-293.272 , 
-255.37 , 
-168.17 , 
-256.589 , 
-87.5887 , 
-161.627 , 
-44.9948 , 
-313.2 , 
-59.7297 , 
-243.369 , 
-255.169 , 
-261.304 , 
-92.5066 , 
-238.022 , 
-102.566 , 
-81.0431 , 
-262.399 , 
-61.2104 , 
-80.0766 , 
-62.4572 , 
-246.939 , 
-109.386 , 
-35.3943 , 
-73.6402 , 
-167.548 , 
-116.784 , 
-95.785 , 
-117.882 , 
-313.688 , 
-180.915 , 
-389.084 , 
-86.8157 , 
-58.8559 , 
-39.598 , 
-60.3473 , 
-106.215 , 
-179.854 , 
-84.9536 , 
-53.7736 , 
-66.3931 , 
-106.324 , 
-134.475 , 
-48.8058 , 
-48.18 , 
-215.694 , 
-74.3307 , 
-115.673 , 
-169.284 , 
-302.526 , 
-176.371 , 
-99.5605 , 
-68.6493 , 
-44.6544 , 
-148.873 , 
-189.618 , 
-48.9088 , 
-251.748 , 
-85.8345 , 
-319.8 , 
-77.6105 , 
-121.381 , 
-85.832 , 
-46.1173 , 
-70.0998 , 
-44.3318 , 
-39.5265 , 
-46.0282 , 
-66.5056 , 
-42.5827 , 
-327.708 , 
-123.826 , 
-337.14 , 
-50.0495 , 
-60.0068 , 
-155.72 , 
-257.544 , 
-174.632 , 
-194.242 , 
-202.516 , 
-291.944 , 
-177.762 , 
-265.293 , 
-231.027 , 
-58.1272 , 
-215.227 , 
-161.263 , 
-70.8412 , 
-79.4102 , 
-280.381 , 
-114.687 , 
-74.321 , 
-105.296 , 
-60.6791 , 
-29.6293 , 
-264.992 , 
-48.8191 , 
-367 , 
-57.565 , 
-59.7532 , 
-65.2972 , 
-34.8183 , 
-146.507 , 
-66.4764 , 
-155.958 , 
-203.744 , 
-96.5635 , 
-134.257 , 
-270.757 , 
-410.2 , 
-203.548 , 
-281.459 , 
-50.3982 , 
-214.218 , 
-330.479 , 
-112.441 , 
-70.4171 , 
-127.146 , 
-169.288 , 
-99.1799 , 
-165.259 , 
-167.747 , 
-31.7808 , 
-74.2873 , 
-138.933 , 
-214.949 , 
-192.277 , 
-69.9025 , 
-65.1446 , 
-149.14 , 
-59.3627 , 
-137.978 , 
-197.597 , 
-286.343 , 
-132.586 , 
-156.708 , 
-239.798 , 
-292.342 , 
-35.2281 , 
-398.274 , 
-73.5827 , 
-201.462 , 
-110.622 , 
-141.132 , 
-332.907 , 
-119.348 , 
-240.14 , 
-237.912 , 
-346.744 , 
-105.349 , 
-75.4163 , 
-166.889 , 
-50.7452 , 
-133.286 , 
-47.7103 , 
-195.062 , 
-77.5971 , 
-69.5112 , 
-106.871 , 
-272.052 , 
-226.046 , 
-50.745 , 
-58.7898 , 
-266.8 , 
-60.8261 , 
-203.942 , 
-69.7429 , 
-126.431 , 
-50.022 , 
-284.978 , 
-359.098 , 
-69.5594 , 
-266.88 , 
-299.741 , 
-36.0797 , 
-68.6994 , 
-244.234 , 
-221.822 , 
-104.439 , 
-53.4764 , 
-104.048 , 
-47.3699 , 
-348.627 , 
-132.24 , 
-60.49 , 
-69.1057 , 
-40.4669 , 
-38.4796 , 
-45.0692 , 
-40.0323 , 
-306.367 , 
-164.566 , 
-52.5263 , 
-223.862 , 
-115.345 , 
-53.8877 , 
-414.263 , 
-51.1701 , 
-139.233 , 
-83.4064 , 
-340.143 , 
-45.6747 , 
-167.475 , 
-311.472 , 
-60.6169 , 
-165.13 , 
-96.088 , 
-122.267 , 
-62.6859 , 
-233.842 , 
-51.6244 , 
-182.481 , 
-242.788 , 
-158.126 , 
-262.758 , 
-388.964 , 
-264.761 , 
-186.729 , 
-123.333 , 
-172.404 , 
-162.67 , 
-339.572 , 
-64.357 , 
-43.486 , 
-364.295 , 
-268.365 , 
-188.21 , 
-214.719 , 
-109.862 , 
-155.416 , 
-68.5955 , 
-58.4563 , 
-115.851 , 
-294.704 , 
-46.0961 , 
-46.9669 , 
-313.404 , 
-411.915 , 
-47.5861 , 
-127.12 , 
-63.7329 , 
-227.181 , 
-140.728 , 
-338.319 , 
-311.961 , 
-145.275 , 
-248.001 , 
-381.584 , 
-274.627 , 
-361.983 , 
-247.185 , 
-79.4775 , 
-178.865 , 
-219.088 , 
-225.885 , 
-388.285 , 
-186.614 , 
-292.947 , 
-190.185 , 
-198.788 , 
-140.472 , 
-203.066 , 
-82.9627 , 
-125.559 , 
-107.336 , 
-83.6247 , 
-40.8346 , 
-50.4404 , 
-174.012 , 
-317.016 , 
-402.099 , 
-44.6349 , 
-71.1695 , 
-174.478 , 
-142.952 , 
-42.2523 , 
-107.013 , 
-47.957 , 
-76.3531 , 
-370.416 , 
-371.307 , 
-48.3021 , 
-113.216 , 
-67.7058 , 
-190.544 , 
-51.9464 , 
-312.566 , 
-133.829 , 
-347.046 , 
-413.521 , 
-412.693 , 
-282.023 , 
-73.4031 , 
-175.248 , 
-55.9315 , 
-128.655 , 
-79.4885 , 
-75.3355 , 
-84.0678 , 
-46.6138 , 
-44.5895 , 
-190.9 , 
-62.3725 , 
-63.4988 , 
-313.478 , 
-284.974 , 
-356.853 , 
-368.37 , 
-107.447 , 
-141.236 , 
-187.462 , 
-77.5924 , 
-87.9719 , 
-81.4971 , 
-363.961 , 
-145.017 , 
-134.444 , 
-44.1258 , 
-106.427 , 
-265.42 , 
-182.687 , 
-297.014 , 
-227.688 , 
-40.711 , 
-271.296 , 
-59.5329 , 
-45.9505 , 
-44.9833 , 
-132.354 , 
-49.5478 , 
-67.479 , 
-357.326 , 
-135.052 , 
-82.6322 , 
-173.972 , 
-67.7391 , 
-123.563 , 
-170.283 , 
-70.5204 , 
-102.886 , 
-240.096 , 
-232.897 , 
-76.855 , 
-117.263 , 
-264.975 , 
-78.0129 , 
-65.2552 , 
-172.766 , 
-89.4197 , 
-77.5387 , 
-45.1519 , 
-98.6378 , 
-288.438 , 
-155.638 , 
-305.651 , 
-40.5639 , 
-45.1549 , 
-63.1564 , 
-97.842 , 
-339.35 , 
-118.214 , 
-180.767 , 
-280.923 , 
-287.749 , 
-310.599 , 
-65.4804 , 
-52.7915 , 
-98.6936 , 
-119.087 , 
-81.8174 , 
-107.2 , 
-235.222 , 
-98.0058 , 
-61.9075 , 
-340.87 , 
-47.8757 , 
-87.7155 , 
-317.12 , 
-90.0078 , 
-68.9247 , 
-83.4782 , 
-318.439 , 
-65.162 , 
-100.673 , 
-79.0439 , 
-103.435 , 
-90.4146 , 
-73.5074 , 
-235.286 , 
-231.482 , 
-41.0106 , 
-50.4191 , 
-165.271 , 
-85.7578 , 
-116.906 , 
-142.361 , 
-255.89 , 
-88.6923 , 
-49.3169 , 
-90.3155 , 
-211.89 , 
-163.738 , 
-297.078 , 
-241.019 , 
-58.4235 , 
-276.071 , 
-254.925 , 
-76.7894 , 
-109.357 , 
-207.483 , 
-60.9359 , 
-374.034 , 
-78.45 , 
-49.173 , 
-59.6905 , 
-60.1245 , 
-101.215 , 
-108.618 , 
-51.2513 , 
-379.509 , 
-81.4084 , 
-143.375 , 
-44.7207 , 
-43.8677 , 
-304.924 , 
-37.6087 , 
-278.5 , 
-281.922 , 
-44.3982 , 
-304.452 , 
-44.5148 , 
-69.4117 , 
-298.524 , 
-168.03 , 
-98.2581 , 
-255.836 , 
-255.087 , 
-49.2929 , 
-349.269 , 
-44.9251 , 
-386.929 , 
-181.312 , 
-82.0106 , 
-66.2639 , 
-374.787 , 
-283.096 , 
-76.0698 , 
-198.107 , 
-210.588 , 
-236.592 , 
-92.4387 , 
-342.188 , 
-240.871 , 
-74.3572 , 
-172.688 , 
-146.604 , 
-103.182 , 
-84.433 , 
-50.0777 , 
-83.613 , 
-244.041 , 
-274.953 , 
-196.328 , 
-98.0916 , 
-117.913 , 
-163.827 , 
-184.415 , 
-84.0366 , 
-298.522 , 
-61.3936 , 
-54.2445 , 
-276.073 , 
-296.026 , 
-69.6172 , 
-269.487 , 
-278.686 , 
-163.669 , 
-108.283 , 
-126.437 , 
-49.5641 , 
-64.6978 , 
-70.0163 , 
-229.168 , 
-153.946 , 
-202.429 , 
-61.4276 , 
-161.217 , 
-78.5568 , 
-151.952 , 
-92.9082 , 
-123.87 , 
-318.609 , 
-61.5008 , 
-168.667 , 
-205.195 , 
-247.401 , 
-46.8646 , 
-60.5825 , 
-301.788 , 
-115.137 , 
-365.715 , 
-316.969 , 
-195.775 , 
-278.288 , 
-118.992 , 
-341.97 , 
-313.73 , 
-197.242 , 
-298.755 , 
-85.3633 , 
-108.973 , 
-223.813 , 
-85.3178 , 
-99.9819 , 
-266.894 , 
-333.041 , 
-85.7621 , 
-350.826 , 
-66.6049 , 
-256.476 , 
-349.279 , 
-47.826 , 
-44.9607 , 
-50.5573 , 
-94.1495 , 
-119.058 , 
-240.615 , 
-304.868 , 
-60.134 , 
-85.7132 , 
-100.202 , 
-41.4419 , 
-171.132 , 
-47.4084 , 
-313.125 , 
-94.2727 , 
-250.111 , 
-39.8565 , 
-188.421 , 
-184.799 , 
-48.4507 , 
-97.1449 , 
-178.905 , 
-346.948 , 
-286.204 , 
-39.5026 , 
-104.206 , 
-57.4999 , 
-220.567 , 
-127.679 , 
-117.107 , 
-132.32 , 
-123.178 , 
-183.46 , 
-320.715 , 
-180.256 , 
-368.244 , 
-45.3706 , 
-239.304 , 
-202.969 , 
-218.994 , 
-219.223 , 
-314.478 , 
-43.1188 , 
-44.1616 , 
-312.854 , 
-290.409 , 
-174.537 , 
-80.7306 , 
-270.611 , 
-61.1208 , 
-87.451 , 
-89.004 , 
-300.793 , 
-99.4282 , 
-49.2139 , 
-279.673 , 
-45.5117 , 
-327.658 , 
-113.506 , 
-277.882 , 
-73.7968 , 
-60.5637 , 
-126.977 , 
-100.898 , 
-189.78 , 
-175.712 , 
-252.19 , 
-156.237 , 
-137.113 , 
-63.6361 , 
-248.39 , 
-205.5 , 
-241.085 , 
-152.706 , 
-104.67 , 
-127.126 , 
-55.4255 , 
-51.2969 , 
-88.3496 , 
-57.0105 , 
-89.9677 , 
-295.901 , 
-272.171 , 
-47.3931 , 
-317.593 , 
-93.5312 , 
-126.462 , 
-208.838 , 
-184.684 , 
-107.766 , 
-447.604 , 
-267.999 , 
-145.705 , 
-163.018 , 
-239.318 , 
-285.063 , 
-132.734 , 
-40.6304 , 
-62.8714 , 
-174.254 , 
-128.941 , 
-148.713 , 
-84.355 , 
-221.891 , 
-148.646 , 
-97.8716 , 
-42.1035 , 
-72.0619 , 
-67.2999 , 
-294.946 , 
-318.403 , 
-227.336 , 
-160.241 , 
-178.639 , 
-333.938 , 
-341.078 , 
-165.099 , 
-79.958 , 
-363.124 , 
-37.2485 , 
-331.688 , 
-282.791 , 
-99.0539 , 
-118.034 , 
-298.042 , 
-195.757 , 
-392.381 , 
-109.917 , 
-105.951 , 
-327.265 , 
-38.4883 , 
-109.325 , 
-104.254 , 
-270.313 , 
-219.064 , 
-191.802 , 
-51.8039 , 
-108.188 , 
-68.4021 , 
-86.8111 , 
-120.943 , 
-39.9655 , 
-142.768 , 
-36.9674 , 
-318.281 , 
-194.664 , 
-146.471 , 
-82.8493 , 
-51.1038 , 
-80.2674 , 
-309.716 , 
-317.081 , 
-179.785 , 
-311.503 , 
-180.924 , 
-286.689 , 
-343.854 , 
-82.026 , 
-211.807 , 
-255.282 , 
-381.043 , 
-165.386 , 
-99.4801 , 
-66.6095 , 
-354.947 , 
-65.6119 , 
-166.283 , 
-98.8162 , 
-296.576 , 
-145.694 , 
-167.072 , 
-159.505 , 
-237.991 , 
-81.7934 , 
-68.5441 , 
-272.325 , 
-304.264 , 
-63.3445 , 
-330.442 , 
-74.9772 , 
-315.465 , 
-58.4091 , 
-118.045 , 
-261.364 , 
-66.909 , 
-288.573 , 
-174.602 , 
-280.845 , 
-102.794 , 
-52.5585 , 
-43.8824 , 
-308.199 , 
-130.161 , 
-330.446 , 
-39.6271 , 
-81.2504 , 
-184.792 , 
-251.104 , 
-136.117 , 
-115.368 , 
-43.0161 , 
-193.927 , 
-58.3712 , 
-119.895 , 
-45.4269 , 
-78.7696 , 
-287.735 , 
-111.167 , 
-96.9744 , 
-373.669 , 
-125.405 , 
-422.098 , 
-119.564 , 
-42.3869 , 
-70.4492 , 
-177.199 , 
-182.612 , 
-295.223 , 
-367.792 , 
-157.448 , 
-295.385 , 
-42.3911 , 
-40.5856 , 
-41.8297 , 
-131.429 , 
-50.6931 , 
-54.0076 , 
-327.371 , 
-134.756 , 
-70.4117 , 
-70.9886 , 
-99.8072 , 
-264.41 , 
-43.8418 , 
-331.443 , 
-184.904 , 
-87.2872 , 
-172.253 , 
-252.69 , 
-49.3365 , 
-98.541 , 
-286.761 , 
-240.912 , 
-63.038 , 
-66.8213 , 
-42.8313 , 
-247.891 , 
-76.4085 , 
-57.344 , 
-74.9908 , 
-254.579 , 
-142.688 , 
-46.3639 , 
-406.488 , 
-152.073 , 
-345.932 , 
-110.285 , 
-178.537 , 
-72.7096 , 
-160.485 , 
-183.082 , 
-237.64 , 
-314.736 , 
-133.123 , 
-181.53 , 
-70.8672 , 
-103.293 , 
-72.5185 , 
-38.2344 , 
-92.1927 , 
-251.907 , 
-140.941 , 
-183.183 , 
-138.718 , 
-242.023 , 
-89.1011 , 
-41.0558 , 
-97.8526 , 
-143.385 , 
-104.252 , 
-49.0727 , 
-258.437 , 
-67.5042 , 
-101.638 , 
-80.8575 , 
-39.5788 , 
-138.965 , 
-203.063 , 
-172.695 , 
-143.875 , 
-164.645 , 
-86.1564 , 
-138.249 , 
-45.0016 , 
-81.0931 , 
-241.767 , 
-214.286 , 
-100.692 , 
-234.445 , 
-159.729 , 
-240.929 , 
-172.496 , 
-122.781 , 
-89.3037 , 
-205.328 , 
-356.639 , 
-291.204 , 
-416.139 , 
-49.6797 , 
-81.1005 , 
-209.297 , 
-343.357 , 
-260.806 , 
-186.125 , 
-213.662 , 
-174.842 , 
-73.3885 , 
-279.256 , 
-114.818 , 
-356.461 , 
-215.07 , 
-297.922 , 
-75.3388 , 
-118.409 , 
-206.504 , 
-131.554 , 
-50.9409 , 
-61.4064 , 
-52.6204 , 
-43.1293 , 
-209.255 , 
-30.9167 , 
-209.709 , 
-235.346 , 
-107.068 , 
-253.998 , 
-174.486 , 
-150.428 , 
-97.3232 , 
-282.546 , 
-60.1961 , 
-211.044 , 
-250.214 , 
-41.1165 , 
-64.5488 , 
-250.19 , 
-244.656 , 
-100.305 , 
-62.1382 , 
-248.218 , 
-60.9807 , 
-301.38 , 
-336.543 , 
-131.512 , 
-295.075 , 
-171.292 , 
-247.48 , 
-98.7324 , 
-232.21 , 
-76.2653 , 
-56.0492 , 
-57.4841 , 
-418.484 , 
-45.876 , 
-290.857 , 
-133.506 , 
-48.4597 , 
-124.971 , 
-64.557 , 
-116.675 , 
-59.4514 , 
-78.6096 , 
-144.594 , 
-352.378 , 
-137.114 , 
-390.309 , 
-186.031 , 
-103.204 , 
-199.562 , 
-123.159 , 
-286.68 , 
-47.3532 , 
-95.7515 , 
-284.314 , 
-501.119 , 
-243.166 , 
-36.3143 , 
-175.76 , 
-368.051 , 
-44.3254 , 
-214.1 , 
-305.652 , 
-161.6 , 
-329.502 , 
-195.516 , 
-172.096 , 
-349.564 , 
-352.194 , 
-337.247 , 
-58.1422 , 
-274.689 , 
-147.014 , 
-117.361 , 
-69.3849 , 
-116.19 , 
-36.1865 , 
-321.053 , 
-75.9846 , 
-54.4844 , 
-75.5777 , 
-192.937 , 
-366.769 , 
-75.2895 , 
-99.9418 , 
-98.7757 , 
-141.377 , 
-63.237 , 
-92.4405 , 
-147.94 , 
-290.423 , 
-261.578 , 
-143.951 , 
-55.112 , 
-259.779 , 
-117.486 , 
-330.74 , 
-282.853 , 
-52.8892 , 
-34.9491 , 
-119.306 , 
-288.206 , 
-131.824 , 
-272.879 , 
-44.2598 , 
-56.732 , 
-46.3578 , 
-123.021 , 
-284.338 , 
-45.5714 , 
-136.744 , 
-159.15 , 
-56.2066 , 
-261.014 , 
-50.4878 , 
-224.512 , 
-155.438 , 
-126.053 , 
-47.5156 , 
-53.0902 , 
-64.5915 , 
-151.268 , 
-52.0122 , 
-252.376 , 
-89.3349 , 
-43.8916 , 
-311.866 , 
-166.263 , 
-112.586 , 
-41.0803 , 
-317.728 , 
-268 , 
-87.2334 , 
-210.648 , 
-196.301 , 
-68.3177 , 
-55.5634 , 
-291.299 , 
-114.59 , 
-73.8851 , 
-164.147 , 
-185.673 , 
-217.929 , 
-36.4682 , 
-223.712 , 
-48.7991 , 
-43.0537 , 
-229.967 , 
-48.3784 , 
-90.7268 , 
-59.3214 , 
-221.839 , 
-66.5687 , 
-214.971 , 
-373.903 , 
-69.1943 , 
-43.166 , 
-373.184 , 
-60.6719 , 
-150.587 , 
-271.347 , 
-403.287 , 
-44.733 , 
-60.6857 , 
-366.504 , 
-66.3909 , 
-68.653 , 
-110.276 , 
-94.3613 , 
-223.749 , 
-120.312 , 
-45.1553 , 
-260.238 , 
-60.6631 , 
-74.2263 , 
-293.491 , 
-106.925 , 
-401.222 , 
-251.045 , 
-200.733 , 
-80.95 , 
-117.645 , 
-45.4644 , 
-223.136 , 
-111.796 , 
-84.1822 , 
-51.3696 , 
-250.018 , 
-45.1012 , 
-224.365 , 
-213.599 , 
-401.382 , 
-251.729 , 
-60.5175 , 
-48.1057 , 
-84.5157 , 
-187.43 , 
-41.7822 , 
-154.418 , 
-241.318 , 
-88.8605 , 
-219.214 , 
-88.241 , 
-36.1796 , 
-238.871 , 
-40.4896 , 
-375.806 , 
-416.364 , 
-277.839 , 
-328.212 , 
-178.277 , 
-65.8522 , 
-251.641 , 
-45.7242 , 
-283.864 , 
-174.002 , 
-113.794 , 
-71.4685 , 
-145.339 , 
-274.722 , 
-315.402 , 
-145.685 , 
-181.276 , 
-337.485 , 
-137.178 , 
-53.1131 , 
-161.068 , 
-162.252 , 
-190.057 , 
-42.8259 , 
-273.872 , 
-142.02 , 
-75.6541 , 
-39.6848 , 
-41.6195 , 
-150.867 , 
-214.861 , 
-112.258 , 
-144.688 , 
-348.308 , 
-97.7761 , 
-145.982 , 
-335.603 , 
-68.347 , 
-141.889 , 
-69.1991 , 
-314.864 , 
-266.672 , 
-73.4843 , 
-293.375 , 
-62.3449 , 
-217.641 , 
-190.136 , 
-59.7981 , 
-257.307 , 
-133.568 , 
-300.514 , 
-176.109 , 
-80.4151 , 
-60.0648 , 
-183.194 , 
-134.961 , 
-50.4973 , 
-182.908 , 
-251.506 , 
-150.001 , 
-236.396 , 
-254.101 , 
-64.7773 , 
-364.617 , 
-180.867 , 
-127.157 , 
-44.1399 , 
-160.419 , 
-232.252 , 
-172.928 , 
-268.312 , 
-102.652 , 
-69.7479 , 
-55.6863 , 
-51.1582 , 
-44.1648 , 
-233.532 , 
-218.837 , 
-105.775 , 
-310.683 , 
-73.7003 , 
-162.371 , 
-275.182 , 
-72.9165 , 
-56.8538 , 
-303.966 , 
-83.7286 , 
-300.613 , 
-201.804 , 
-107.609 , 
-50.3767 , 
-161.278 , 
-44.6395 , 
-135.478 , 
-321.933 , 
-107.698 , 
-48.1262 , 
-308.934 , 
-81.3081 , 
-247.822 , 
-68.3724 , 
-56.4055 , 
-53.5349 , 
-51.7917 , 
-384.461 , 
-143.414 , 
-305.983 , 
-290.231 , 
-186.621 , 
-43.3402 , 
-342.678 , 
-149.083 , 
-46.1415 , 
-44.8176 , 
-112.626 , 
-174.554 , 
-73.6372 , 
-38.7197 , 
-130.76 , 
-202.174 , 
-56.35 , 
-279.79 , 
-232.402 , 
-115.296 , 
-105.379 , 
-170.614 , 
-198.848 , 
-152.669 , 
-52.2703 , 
-66.9297 , 
-253.588 , 
-105.65 , 
-382.664 , 
-203.038 , 
-342.271 , 
-196.91 , 
-394.83 , 
-276.306 , 
-79.1369 , 
-84.8923 , 
-62.0759 , 
-242.143 , 
-85.3637 , 
-280.924 , 
-58.1782 , 
-42.9784 , 
-303.598 , 
-74.6104 , 
-64.1745 , 
-193.168 , 
-307.499 , 
-235.105 , 
-305.467 , 
-40.1596 , 
-282.768 , 
-198.357 , 
-403.829 , 
-248.007 , 
-93.8144 , 
-343.707 , 
-181.957 , 
-71.4473 , 
-118.818 , 
-179.034 , 
-111.878 , 
-308.644 , 
-138.174 , 
-91.6375 , 
-48.9278 , 
-109.596 , 
-91.8874 , 
-49.0693 , 
-137.526 , 
-266.481 , 
-232.02 , 
-52.7772 , 
-83.2607 , 
-62.3565 , 
-42.7255 , 
-52.7725 , 
-267.309 , 
-127.78 , 
-79.7936 , 
-56.8805 , 
-222.863 , 
-61.4283 , 
-407.37 , 
-153.154 , 
-46.3844 , 
-256.119 , 
-338.07 , 
-162.079 , 
-205.364 , 
-373.741 , 
-57.2847 , 
-47.5146 , 
-43.2398 , 
-313.342 , 
-53.2453 , 
-61.2879 , 
-122.188 , 
-64.7124 , 
-301.173 , 
-128.634 , 
-113.827 , 
-107.708 , 
-103.509 , 
-49.5819 , 
-181.743 , 
-67.5882 , 
-72.7631 , 
-93.1542 , 
-120.778 , 
-357.866 , 
-64.0595 , 
-330.318 , 
-58.4031 , 
-111.626 , 
-174.372 , 
-161.367 , 
-112.315 , 
-126.761 , 
-249.495 , 
-243.008 , 
-285.466 , 
-69.1347 , 
-250.589 , 
-160.319 , 
-250.569 , 
-233.358 , 
-60.7434 , 
-56.6023 , 
-273.072 , 
-118.649 , 
-61.4848 , 
-119.55 , 
-185.418 , 
-76.0151 , 
-134.097 , 
-69.7311 , 
-341.454 , 
-270.536 , 
-337.178 , 
-188.527 , 
-129.568 , 
-292.645 , 
-49.3826 , 
-47.0392 , 
-284.285 , 
-106.22 , 
-260.635 , 
-93.8551 , 
-114.721 , 
-298.53 , 
-57.0117 , 
-70.8274 , 
-44.369 , 
-43.697 , 
-48.4329 , 
-166.492 , 
-129.462 , 
-46.5775 , 
-83.1563 , 
-50.1584 , 
-182.221 , 
-143.751 , 
-59.4696 , 
-285.39 , 
-35.5003 , 
-353.289 , 
-78.4518 , 
-228.213 , 
-172.428 , 
-121.778 , 
-342.169 , 
-215.071 , 
-353.859 , 
-336.923 , 
-299.77 , 
-116.621 , 
-63.8799 , 
-72.3408 , 
-282.532 , 
-106.348 , 
-43.4194 , 
-99.2623 , 
-100.63 , 
-225.926 , 
-165.446 , 
-98.3823 , 
-64.4383 , 
-288.397 , 
-104.775 , 
-177.633 , 
-71.8637 , 
-59.2414 , 
-73.0437 , 
-40.3471 , 
-313.735 , 
-64.4283 , 
-47.1888 , 
-283.952 , 
-304.463 , 
-257.845 , 
-47.7554 , 
-74.4467 , 
-142.094 , 
-319.401 , 
-123.374 , 
-73.3677 , 
-278.826 , 
-98.7951 , 
-310.927 , 
-256.353 , 
-231.986 , 
-103.298 , 
-110.153 , 
-99.243 , 
-273.81 , 
-56.7673 , 
-53.548 , 
-301.503 , 
-286.644 , 
-41.7676 , 
-127.377 , 
-89.5856 , 
-76.9989 , 
-307.588 , 
-278.366 , 
-433.477 , 
-52.8475 , 
-120.532 , 
-302.874 , 
-356.667 , 
-62.6812 , 
-179.778 , 
-48.7518 , 
-64.7614 , 
-270.191 , 
-40.1772 , 
-326.726 , 
-51.1658 , 
-52.3298 , 
-85.165 , 
-279.325 , 
-271.645 , 
-143.773 , 
-55.7441 , 
-189.115 , 
-98.3608 , 
-395.819 , 
-251.397 , 
-121.335 , 
-271.142 , 
-115.858 , 
-133.585 , 
-68.0132 , 
-245.619 , 
-229.377 , 
-57.0538 , 
-345.158 , 
-200.487 , 
-55.8554 , 
-270.094 , 
-133.691 , 
-59.0269 , 
-484.505 , 
-298.61 , 
-252.595 , 
-96.5866 , 
-187.418 , 
-330.585 , 
-238.486 , 
-155.5 , 
-141.962 , 
-55.4646 , 
-117.202 , 
-139.997 , 
-189.374 , 
-87.7701 , 
-138.051 , 
-160.187 , 
-59.4178 , 
-267.612 , 
-109.51 , 
-314.469 , 
-197.9 , 
-190.256 , 
-152.939 , 
-69.3384 , 
-171.207 , 
-69.9433 , 
-89.4036 , 
-328.093 , 
-73.3122 , 
-115.352 , 
-273.655 , 
-329.298 , 
-74.6345 , 
-267.136 , 
-52.4063 , 
-110.873 , 
-209.892 , 
-128.085 , 
-79.3612 , 
-56.863 , 
-214.646 , 
-44.7176 , 
-42.9029 , 
-107.369 , 
-66.907 , 
-79.8741 , 
-67.4481 , 
-227.994 , 
-35.8303 , 
-74.2462 , 
-69.8969 , 
-50.0419 , 
-56.9049 , 
-119.17 , 
-276.776 , 
-66.873 , 
-265.818 , 
-116.673 , 
-73.3584 , 
-236.995 , 
-354.069 , 
-361.907 , 
-338.909 , 
-213.21 , 
-118.78 , 
-58.0452 , 
-49.2449 , 
-49.3516 , 
-220.777 , 
-129.175 , 
-113.852 , 
-359.982 , 
-37.2396 , 
-339.527 , 
-315.709 , 
-276.449 , 
-63.1625 , 
-78.7385 , 
-83.7571 , 
-65.9638 , 
-338.884 , 
-131.591 , 
-287.003 , 
-64.9454 , 
-121.42 , 
-53.8796 , 
-426.614 , 
-104.505 , 
-158.133 , 
-42.5989 , 
-317.045 , 
-62.6873 , 
-145.298 , 
-84.8241 , 
-148.744 , 
-72.5411 , 
-43.7737 , 
-273.574 , 
-46.1831 , 
-42.6105 , 
-346.965 , 
-300.891 , 
-123.19 , 
-215.087 , 
-48.0126 , 
-66.4722 , 
-87.6386 , 
-50.1691 , 
-117.2 , 
-153.761 , 
-55.8705 , 
-80.6862 , 
-128.59 , 
-302.875 , 
-117.487 , 
-58.5819 , 
-70.811 , 
-304.506 , 
-118.652 , 
-93.6846 , 
-167.453 , 
-224.415 , 
-218.3 , 
-445.77 , 
-369.318 , 
-282.477 , 
-39.6569 , 
-107.619 , 
-175.301 , 
-187.901 , 
-338.601 , 
-68.2007 , 
-47.6809 , 
-46.8399 , 
-240.234 , 
-237.868 , 
-352.481 , 
-137.751 , 
-44.7808 , 
-400.846 , 
-322.455 , 
-348.995 , 
-128.127 , 
-40.3752 , 
-204.141 , 
-55.5846 , 
-190.191 , 
-47.7552 , 
-234.438 , 
-390.62 , 
-298.67 , 
-96.9831 , 
-71.911 , 
-183.744 , 
-52.5721 , 
-355.995 , 
-92.1093 , 
-239.558 , 
-90.9916 , 
-265.57 , 
-69.3996 , 
-293.089 , 
-59.1546 , 
-44.1266 , 
-270.986 , 
-354.893 , 
-149.722 , 
-136.684 , 
-128.919 , 
-333.699 , 
-46.1879 , 
-242.495 , 
-172.349 , 
-318.424 , 
-236.269 , 
-58.7667 , 
-70.6809 , 
-75.4713 , 
-246.754 , 
-93.0639 , 
-111.374 , 
-96.1374 , 
-214.968 , 
-250.467 , 
-165.223 , 
-99.8309 , 
-44.4915 , 
-52.4544 , 
-328.892 , 
-183.154 , 
-61.1544 , 
-294.956 , 
-44.4458 , 
-246.542 , 
-224.434 , 
-55.5087 , 
-336.082 , 
-260.474 , 
-64.6087 , 
-131.275 , 
-52.7958 , 
-247.703 , 
-51.1271 , 
-156.926 , 
-274.047 , 
-46.5431 , 
-59.9707 , 
-327.891 , 
-142.974 , 
-49.9825 , 
-88.5995 , 
-54.7608 , 
-135.733 , 
-46.7136 , 
-79.3081 , 
-55.414 , 
-247.053 , 
-100.709 , 
-120.724 , 
-85.4692 , 
-103.429 , 
-112.096 , 
-134.093 , 
-117.197 , 
-148.349 , 
-194.393 , 
-55.2233 , 
-69.7537 , 
-36.572 , 
-345.743 , 
-255.999 , 
-173.059 , 
-176.423 , 
-298.933 , 
-52.8196 , 
-133.655 , 
-128.332 , 
-122.017 , 
-95.0343 , 
-50.7579 , 
-55.7234 , 
-165.623 , 
-296.091 , 
-169.377 , 
-57.292 , 
-103.905 , 
-76.1806 , 
-135.521 , 
-253.037 , 
-283.078 , 
-45.5026 , 
-139.371 , 
-82.3045 , 
-222.411 , 
-61.912 , 
-48.7483 , 
-48.6309 , 
-58.7564 , 
-54.2211 , 
-258.33 , 
-44.9606 , 
-112.228 , 
-371.28 , 
-50.6344 , 
-66.1021 , 
-136.059 , 
-471.605 , 
-74.5473 , 
-42.9425 , 
-50.8045 , 
-205.187 , 
-82.9038 , 
-263.966 , 
-287.795 , 
-73.6468 , 
-112.723 , 
-186.96 , 
-119.638 , 
-290.797 , 
-184.155 , 
-114.64 , 
-132.975 , 
-33.7749 , 
-139.458 , 
-45.8609 , 
-66.4836 , 
-264.435 , 
-296.576 , 
-50.4384 , 
-206.087 , 
-299.661 , 
-105.845 , 
-368.492 , 
-286.931 , 
-286.409 , 
-84.1758 , 
-251.171 , 
-222.675 , 
-391.328 , 
-109.44 , 
-359.1 , 
-46.3401 , 
-370.061 , 
-286.507 , 
-346.263 , 
-228.753 , 
-44.9644 , 
-271.207 , 
-44.819 , 
-43.7563 , 
-356.248 , 
-63.5405 , 
-160.608 , 
-255.591 , 
-50.889 , 
-256.926 , 
-83.3271 , 
-63.5297 , 
-131.152 , 
-94.9391 , 
-50.3683 , 
-38.8415 , 
-229.958 , 
-142.574 , 
-101.285 , 
-143.636 , 
-50.427 , 
-314.163 , 
-310.932 , 
-73.4843 , 
-385.846 , 
-44.0323 , 
-90.0257 , 
-240.755 , 
-281.532 , 
-186.572 , 
-151.496 , 
-48.9592 , 
-250.18 , 
-284.385 , 
-240.344 , 
-240.182 , 
-318.777 , 
-232.65 , 
-63.1501 , 
-127.084 , 
-64.836 , 
-276.184 , 
-183.461 , 
-146.419 , 
-55.2485 , 
-105.23 , 
-48.2313 , 
-51.9396 , 
-203.991 , 
-96.775 , 
-197.928 , 
-155.285 , 
-48.5338 , 
-31.0969 , 
-149.154 , 
-73.1147 , 
-242.083 , 
-34.8987 , 
-49.7502 , 
-172.951 , 
-52.6409 , 
-71.5781 , 
-93.3947 , 
-271.294 , 
-53.8414 , 
-299.773 , 
-44.2853 , 
-77.1917 , 
-30.894 , 
-304.066 , 
-299.87 , 
-233.13 , 
-163.643 , 
-252.854 , 
-207.708 , 
-106.887 , 
-251.486 , 
-311.736 , 
-59.5789 , 
-299.724 , 
-274.441 , 
-127.334 , 
-95.5293 , 
-142.716 , 
-35.9154 , 
-286.605 , 
-202.516 , 
-48.3519 , 
-313.493 , 
-171.609 , 
-45.224 , 
-74.161 , 
-251.4 , 
-42.5094 , 
-207.786 , 
-69.6738 , 
-119.485 , 
-349.953 , 
-56.6941 , 
-311.923 , 
-364.961 , 
-156.397 , 
-105.075 , 
-166.915 , 
-59.4429 , 
-75.5281 , 
-147.418 , 
-278.17 , 
-54.7123 , 
-275.394 , 
-198.531 , 
-90.5235 , 
-118.063 , 
-102.463 , 
-208.814 , 
-77.093 , 
-150.006 , 
-268.646 , 
-382.016 , 
-221.366 , 
-165.618 , 
-192.513 , 
-70.5813 , 
-359.591 , 
-68.8384 , 
-66.8779 , 
-229.397 , 
-64.6998 , 
-204.966 , 
-320.044 , 
-67.3743 , 
-182.013 , 
-58.889 , 
-244.381 , 
-306.285 , 
-194.618 , 
-47.4993 , 
-251.178 , 
-318.028 , 
-233.257 , 
-274.341 , 
-101.32 , 
-49.4519 , 
-39.9807 , 
-235.6 , 
-112.421 , 
-139.144 , 
-42.9828 , 
-317.583 , 
-205.197 , 
-38.0197 , 
-320.443 , 
-468.919 , 
-57.141 , 
-45.8187 , 
-103.98 , 
-181.536 , 
-146.461 , 
-150.869 , 
-379.509 , 
-146.491 , 
-81.7623 , 
-140.856 , 
-263.396 , 
-174.13 , 
-44.8779 , 
-94.8101 , 
-61.7114 , 
-94.776 , 
-253.759 , 
-39.8573 , 
-183.524 , 
-169.08 , 
-98.4926 , 
-76.5357 , 
-66.7344 , 
-52.4598 , 
-144.204 , 
-55.4579 , 
-73.6751 , 
-78.3267 , 
-128.359 , 
-62.9749 , 
-178.153 , 
-204.815 , 
-245.935 , 
-329.459 , 
-38.0804 , 
-452.081 , 
-106.717 , 
-241.845 , 
-276.111 , 
-91.3491 , 
-207.428 , 
-160.932 , 
-302.811 , 
-53.4214 , 
-47.2833 , 
-291.808 , 
-68.9847 , 
-265.06 , 
-271.833 , 
-108.677 , 
-275.316 , 
-113.848 , 
-62.1909 , 
-241.83 , 
-42.6298 , 
-57.822 , 
-211.003 , 
-344.057 , 
-240.252 , 
-357.441 , 
-169.465 , 
-110.75 , 
-48.1458 , 
-202.682 , 
-108.905 , 
-175.73 , 
-43.051 , 
-402.811 , 
-45.3876 , 
-114.332 , 
-217.165 , 
-262.271 , 
-159.082 , 
-140.737 , 
-87.7329 , 
-306.717 , 
-293.066 , 
-156.974 , 
-73.7018 , 
-286.799 , 
-369.165 , 
-225.264 , 
-75.8402 , 
-52.7298 , 
-361.081 , 
-176.579 , 
-40.1781 , 
-316.579 , 
-59.3158 , 
-232.493 , 
-109.132 , 
-46.1483 , 
-302.935 , 
-241.23 , 
-172.592 , 
-144.443 , 
-185.56 , 
-331.798 , 
-159.706 , 
-46.699 , 
-116.22 , 
-311.878 , 
-58.0028 , 
-157.939 , 
-364.888 , 
-98.1683 , 
-49.4331 , 
-76.4213 , 
-127.163 , 
-53.7085 , 
-123.321 , 
-300.886 , 
-45.6597 , 
-54.166 , 
-165.457 , 
-52.165 , 
-484.07 , 
-83.4604 , 
-49.2789 , 
-131.993 , 
-42.4915 , 
-65.3807 , 
-304.462 , 
-266.308 , 
-408.084 , 
-141.927 , 
-48.4631 , 
-99.176 , 
-196.984 , 
-64.2994 , 
-167.313 , 
-251.049 , 
-92.1412 , 
-60.6095 , 
-304.9 , 
-89.9674 , 
-59.1219 , 
-218.27 , 
-43.0283 , 
-327.219 , 
-50.4381 , 
-97.3918 , 
-279.425 , 
-120.533 , 
-339.517 , 
-65.5506 , 
-296.929 , 
-157.32 , 
-127.256 , 
-205.814 , 
-351.773 , 
-85.5838 , 
-115.828 , 
-275.532 , 
-193.902 , 
-407.916 , 
-34.1076 , 
-301.857 , 
-61.7505 , 
-310.224 , 
-63.4416 , 
-277.859 , 
-105.755 , 
-138.094 , 
-315.335 , 
-281.885 , 
-111.202 , 
-188.064 , 
-133.768 , 
-331.638 , 
-75.0757 , 
-105.798 , 
-241.783 , 
-128.423 , 
-217.216 , 
-49.0679 , 
-84.804 , 
-47.5387 , 
-188.911 , 
-62.8702 , 
-64.1636 , 
-170.493 , 
-293.133 , 
-283.022 , 
-233.851 , 
-244.318 , 
-200.131 , 
-295.421 , 
-63.9479 , 
-158.253 , 
-334.798 , 
-244.742 , 
-150.553 , 
-90.4119 , 
-80.734 , 
-253.769 , 
-64.0895 , 
-283.093 , 
-250.871 , 
-44.9373 , 
-50.4463 , 
-60.2614 , 
-154.279 , 
-114.899 , 
-70.2581 , 
-186.673 , 
-73.5138 , 
-190.98 , 
-122.431 , 
-216.453 , 
-84.5193 , 
-92.6908 , 
-45.1897 , 
-106.785 , 
-327.001 , 
-172.955 , 
-281.132 , 
-238.703 , 
-121.011 , 
-195.725 , 
-56.8635 , 
-40.5633 , 
-66.7773 , 
-350.575 , 
-196.505 , 
-191.792 , 
-54.3843 , 
-328.861 , 
-208.031 , 
-246.815 , 
-392.261 , 
-251.71 , 
-64.8525 , 
-88.9159 , 
-310.539 , 
-121.478 , 
-194.211 , 
-87.84 , 
-240.535 , 
-144.899 , 
-53.755 , 
-279.774 , 
-44.1586 , 
-227.319 , 
-160.885 , 
-302.697 , 
-262.68 , 
-69.1455 , 
-192.913 , 
-60.3983 , 
-278.585 , 
-50.0946 , 
-344.715 , 
-249.481 , 
-112.438 , 
-63.5854 , 
-47.1816 , 
-44.5416 , 
-53.9668 , 
-53.9994 , 
-86.2598 , 
-45.8352 , 
-172.639 , 
-41.1271 , 
-78.7726 , 
-128.417 , 
-111.475 , 
-121.05 , 
-185.138 , 
-79.7344 , 
-58.3257 , 
-345.106 , 
-267.787 , 
-281.912 , 
-42.3163 , 
-178.318 , 
-75.2494 , 
-181.648 , 
-327.94 , 
-96.9037 , 
-81.7472 , 
-232.778 , 
-159.715 , 
-66.2336 , 
-88.2251 , 
-42.8715 , 
-154.512 , 
-134.55 , 
-67.9069 , 
-161.288 , 
-268.33 , 
-50.8968 , 
-93.099 , 
-90.4752 , 
-64.3649 , 
-54.5461 , 
-47.181 , 
-167.775 , 
-96.7842 , 
-56.5064 , 
-244.037 , 
-173.21 , 
-104.192 , 
-224.772 , 
-35.4934 , 
-126.428 , 
-79.1993 , 
-88.7631 , 
-96.6041 , 
-139.131 , 
-170.823 , 
-39.5164 , 
-74.8228 , 
-40.7356 , 
-387.565 , 
-202.902 , 
-169.855 , 
-48.2452 , 
-223.245 , 
-170.122 , 
-42.9632 , 
-220.833 , 
-88.9747 , 
-63.5666 , 
-82.007 , 
-58.8449 , 
-127.095 , 
-49.3736 , 
-261.455 , 
-232.873 , 
-155.265 , 
-150.592 , 
-43.5162 , 
-221.152 , 
-70.0409 , 
-307.559 , 
-75.9537 , 
-257.144 , 
-146.969 , 
-54.898 , 
-72.4866 , 
-124.97 , 
-173.726 , 
-177.191 , 
-140.951 , 
-326.892 , 
-103.665 , 
-284.651 , 
-79.8392 , 
-210.035 , 
-80.4969 , 
-101.283 , 
-48.6226 , 
-178.207 , 
-100.703 , 
-416.669 , 
-83.7645 , 
-125.651 , 
-75.4021 , 
-42.812 , 
-144.517 , 
-96.4071 , 
-91.4094 , 
-36.4448 , 
-84.7509 , 
-357.203 , 
-181.567 , 
-345.977 , 
-321.489 , 
-77.5994 , 
-248.796 , 
-93.2209 , 
-58.5549 , 
-181.185 , 
-53.0809 , 
-191.724 , 
-72.2183 , 
-345.386 , 
-128.795 , 
-171.864 , 
-157.713 , 
-52.6339 , 
-133.512 , 
-377.255 , 
-261.535 , 
-179.634 , 
-145.718 , 
-198.193 , 
-298.017 , 
-97.4724 , 
-51.315 , 
-52.2853 , 
-372.89 , 
-80.5048 , 
-393.466 , 
-158.934 , 
-116.247 , 
-67.1266 , 
-73.7907 , 
-44.381 , 
-72.577 , 
-232.824 , 
-231.359 , 
-62.9934 , 
-129.811 , 
-52.0898 , 
-36.3049 , 
-290.949 , 
-222.033 , 
-174.085 , 
-289.184 , 
-49.8258 , 
-42.3287 , 
-49.502 , 
-69.988 , 
-66.2615 , 
-250.802 , 
-65.5333 , 
-38.0866 , 
-74.9793 , 
-92.2923 , 
-206.954 , 
-209.931 , 
-130.917 , 
-47.4729 , 
-140.841 , 
-61.8648 , 
-355.434 , 
-166.836 , 
-384.467 , 
-62.2186 , 
-60.1496 , 
-120.973 , 
-138.119 , 
-227.76 , 
-136.552 , 
-127.501 , 
-297.047 , 
-51.0203 , 
-48.6042 , 
-58.433 , 
-66.1355 , 
-111.624 , 
-82.1696 , 
-68.4606 , 
-103.42 , 
-46.8085 , 
-60.6266 , 
-295.328 , 
-288.264 , 
-356.733 , 
-208.429 , 
-156.005 , 
-105.125 , 
-105.812 , 
-83.0981 , 
-83.3854 , 
-260.648 , 
-124.681 , 
-117.796 , 
-80.6486 , 
-184.563 , 
-160.734 , 
-216.995 , 
-336.413 , 
-156.157 , 
-167.581 , 
-127.922 , 
-163.941 , 
-376.833 , 
-281.841 , 
-121.779 , 
-106.457 , 
-252.197 , 
-261.209 , 
-174.434 , 
-144.682 , 
-109.202 , 
-73.1491 , 
-59.6628 , 
-47.1122 , 
-107.967 , 
-60.6273 , 
-141.121 , 
-96.4472 , 
-85.935 , 
-240.122 , 
-94.6065 , 
-150.017 , 
-136.404 , 
-323.969 , 
-54.7041 , 
-132.4 , 
-343.782 , 
-92.1197 , 
-259.933 , 
-117.923 , 
-52.052 , 
-86.709 , 
-200.127 , 
-161.942 , 
-264.491 , 
-311.88 , 
-229.057 , 
-280.777 , 
-49.5935 , 
-320.955 , 
-298.532 , 
-99.2433 , 
-364.369 , 
-53.2658 , 
-341.949 , 
-50.8938 , 
-206.859 , 
-400.405 , 
-104.381 , 
-37.8657 , 
-291.751 , 
-69.8843 , 
-123.642 , 
-67.4052 , 
-45.0947 , 
-114.596 , 
-97.1948 , 
-57.5258 , 
-224.774 , 
-63.6533 , 
-44.4433 , 
-279.552 , 
-308.535 , 
-328.966 , 
-171.364 , 
-43.0897 , 
-74.4043 , 
-44.5565 , 
-106.64 , 
-62.3064 , 
-283.855 , 
-185.242 , 
-53.1282 , 
-319.752 , 
-147.24 , 
-249.005 , 
-169.111 , 
-123.735 , 
-81.2982 , 
-208.527 , 
-56.4639 , 
-51.3259 , 
-230.97 , 
-93.6901 , 
-49.5355 , 
-149.17 , 
-208.026 , 
-99.4622 , 
-374.388 , 
-340.24 , 
-137.214 , 
-263.788 , 
-85.8425 , 
-83.4684 , 
-246.903 , 
-45.3202 , 
-70.3128 , 
-327.102 , 
-155.104 , 
-49.5869 , 
-73.2776 , 
-50.4732 , 
-91.7153 , 
-212.339 , 
-230.575 , 
-40.3151 , 
-339.536 , 
-88.3285 , 
-83.4581 , 
-67.1323 , 
-54.4455 , 
-191.603 , 
-68.0415 , 
-129.067 , 
-236.205 , 
-345.697 , 
-166.143 , 
-94.4446 , 
-62.9999 , 
-101.954 , 
-181.343 , 
-89.0932 , 
-55.1988 , 
-297.091 , 
-290.252 , 
-76.4361 , 
-71.7511 , 
-62.5271 , 
-124.363 , 
-121.467 , 
-54.928 , 
-45.7254 , 
-252.77 , 
-57.8381 , 
-177.425 , 
-301.089 , 
-144.269 , 
-218.215 , 
-206.844 , 
-240.376 , 
-162.324 , 
-349.621 , 
-126.355 , 
-188.104 , 
-169.116 , 
-47.4093 , 
-69.2445 , 
-265.389 , 
-85.4385 , 
-75.8682 , 
-323.697 , 
-88.3234 , 
-85.7339 , 
-188.272 , 
-100.137 , 
-55.8528 , 
-262.522 , 
-121.288 , 
-114.51 , 
-84.3266 , 
-114.444 , 
-87.1127 , 
-173.939 , 
-89.0244 , 
-148.76 , 
-106.078 , 
-56.4077 , 
-391.432 , 
-299.589 , 
-62.1139 , 
-192.018 , 
-284.09 , 
-328.099 , 
-105.174 , 
-98.187 , 
-231.964 , 
-326.092 , 
-140.421 , 
-63.4298 , 
-126.818 , 
-66.138 , 
-231.174 , 
-60.253 , 
-191.669 , 
-106.557 , 
-293.075 , 
-293.321 , 
-48.1246 , 
-378.274 , 
-104.294 , 
-59.7412 , 
-67.864 , 
-222.22 , 
-82.3479 , 
-71.0075 , 
-221.062 , 
-198.886 , 
-313.229 , 
-155.073 , 
-238.809 , 
-439.138 , 
-73.1511 , 
-122.377 , 
-166.992 , 
-109.544 , 
-89.4206 , 
-219.803 , 
-324.759 , 
-201.094 , 
-268.906 , 
-129.193 , 
-126.913 , 
-167.177 , 
-280.187 , 
-53.4398 , 
-328.559 , 
-346.189 , 
-63.51 , 
-37.5395 , 
-60.7539 , 
-56.6882 , 
-41.0957 , 
-238.326 , 
-189.968 , 
-35.0725 , 
-79.512 , 
-186.956 , 
-85.8528 , 
-224.466 , 
-203.703 , 
-45.7642 , 
-82.3513 , 
-237.937 , 
-274.99 , 
-187.884 , 
-297.853 , 
-142.386 , 
-63.3518 , 
-50.7772 , 
-241.384 , 
-294.371 , 
-171.349 , 
-409.898 , 
-302.452 , 
-74.5334 , 
-89.3862 , 
-148.433 , 
-66.0672 , 
-322.135 , 
-36.7278 , 
-206.712 , 
-214.314 , 
-248.8 , 
-182.492 , 
-44.826 , 
-42.0722 , 
-290.541 , 
-301.047 , 
-52.014 , 
-44.0734 , 
-149.534 , 
-231.978 , 
-78.4638 , 
-55.3534 , 
-74.0257 , 
-230.706 , 
-74.3393 , 
-73.4463 , 
-47.6921 , 
-68.0737 , 
-75.3121 , 
-86.4345 , 
-229.474 , 
-61.3849 , 
-225.341 , 
-48.9285 , 
-247.914 , 
-106.58 , 
-208.296 , 
-70.0012 , 
-161.134 , 
-97.0581 , 
-330.762 , 
-252.67 , 
-73.6098 , 
-65.9762 , 
-366.128 , 
-91.5859 , 
-235.511 , 
-48.7866 , 
-136.242 , 
-100.464 , 
-327.403 , 
-117.065 , 
-244.955 , 
-83.1963 , 
-126.717 , 
-71.8639 , 
-177.371 , 
-36.7241 , 
-135.651 , 
-189.8 , 
-103.108 , 
-293.169 , 
-295.92 , 
-144.308 , 
-273.748 , 
-82.8297 , 
-50.4493 , 
-184.997 , 
-303.903 , 
-114.97 , 
-43.5261 , 
-104.004 , 
-190.457 , 
-47.3759 , 
-143.408 , 
-46.9944 , 
-88.2126 , 
-177.652 , 
-67.5634 , 
-80.6501 , 
-261.744 , 
-157.373 , 
-244.512 , 
-317.777 , 
-66.8396 , 
-34.8531 , 
-68.1103 , 
-261.57 , 
-126.142 , 
-162.505 , 
-224.281 , 
-168.021 , 
-173.415 , 
-165.344 , 
-342.482 , 
-59.7522 , 
-164.243 , 
-143.996 , 
-213.71 , 
-122.608 , 
-71.0674 , 
-239.091 , 
-186.955 , 
-182.577 , 
-243.28 , 
-113.355 , 
-142.96 , 
-258.387 , 
-121.261 , 
-292.397 , 
-28.9561 , 
-72.6219 , 
-316.491 , 
-42.4696 , 
-202.323 , 
-51.1634 , 
-274.134 , 
-62.8608 , 
-305.722 , 
-217.557 , 
-118.738 , 
-336.063 , 
-162.442 , 
-60.2038 , 
-166.402 , 
-340.22 , 
-78.2313 , 
-61.652 , 
-465.951 , 
-75.6118 , 
-308.388 , 
-62.3157 , 
-114.718 , 
-161.862 , 
-65.8364 , 
-58.7746 , 
-266.199 , 
-111.226 , 
-245.42 , 
-150.034 , 
-66.6871 , 
-217.734 , 
-172.189 , 
-161.086 , 
-247.767 , 
-66.5141 , 
-258.951 , 
-265.947 , 
-179.1 , 
-143.798 , 
-281.961 , 
-93.9041 , 
-68.053 , 
-174.389 , 
-113.383 , 
-43.1011 , 
-100.804 , 
-71.0336 , 
-107 , 
-47.7147 , 
-217.391 , 
-96.9482 , 
-178.717 , 
-193.448 , 
-164.595 , 
-153.012 , 
-46.8173 , 
-104.578 , 
-55.8153 , 
-90.7353 , 
-158.688 , 
-106.958 , 
-202.46 , 
-44.5306 , 
-127.224 , 
-81.8661 , 
-65.3797 , 
-112.786 , 
-265.965 , 
-109.927 , 
-233.241 , 
-207.759 , 
-115.424 , 
-71.6887 , 
-310.173 , 
-120.551 , 
-96.0077 , 
-267.094 , 
-84.0399 , 
-50.6761 , 
-59.9143 , 
-91.2119 , 
-78.2613 , 
-140.958 , 
-181.397 , 
-277.963 , 
-59.7126 , 
-42.9225 , 
-341.972 , 
-197.708 , 
-207.355 , 
-67.0534 , 
-44.4568 , 
-73.6148 , 
-80.309 , 
-420.742 , 
-119.688 , 
-376.213 , 
-242.514 , 
-51.7381 , 
-167 , 
-35.0616 , 
-346.195 , 
-49.2224 , 
-345.734 , 
-131.169 , 
-237.667 , 
-47.8673 , 
-158.652 , 
-223.952 , 
-212.647 , 
-168.643 , 
-126.457 , 
-77.8925 , 
-156.89 , 
-204.022 , 
-301.814 , 
-141.21 , 
-314.256 , 
-330.614 , 
-75.8739 , 
-122.348 , 
-74.2338 , 
-54.22 , 
-76.7962 , 
-402.458 , 
-329.215 , 
-48.0647 , 
-125.621 , 
-89.2637 , 
-230.004 , 
-55.3407 , 
-318.3 , 
-77.8069 , 
-251.474 , 
-50.0722 , 
-49.7641 , 
-76.885 , 
-96.6081 , 
-281.532 , 
-349.699 , 
-141.324 , 
-52.5781 , 
-82.0915 , 
-48.3951 , 
-140.982 , 
-44.2099 , 
-63.5127 , 
-117.36 , 
-342.7 , 
-84.3471 , 
-276.323 , 
-48.0275 , 
-279.374 , 
-300.488 , 
-74.9257 , 
-347.398 , 
-123.386 , 
-114.801 , 
-347.692 , 
-110.521 , 
-270.098 , 
-123.446 , 
-57.1986 , 
-252.432 , 
-317.123 , 
-144.519 , 
-94.1325 , 
-291.108 , 
-52.3356 , 
-78.1362 , 
-94.8382 , 
-71.9504 , 
-69.805 , 
-69.9549 , 
-50.6374 , 
-86.7967 , 
-171.483 , 
-76.4155 , 
-270.97 , 
-181.274 , 
-330.255 , 
-66.3335 , 
-44.0864 , 
-349.311 , 
-74.8802 , 
-44.6772 , 
-62.0374 , 
-50.7548 , 
-47.2295 , 
-91.5048 , 
-65.21 , 
-49.1066 , 
-46.7848 , 
-362.675 , 
-193.21 , 
-250.038 , 
-95.6786 , 
-46.7616 , 
-70.802 , 
-373.072 , 
-54.1986 , 
-268.346 , 
-247.159 , 
-256.182 , 
-51.6148 , 
-97.1855 , 
-94.6581 , 
-120.372 , 
-74.923 , 
-51.4326 , 
-60.4902 , 
-70.4231 , 
-52.3873 , 
-138.199 , 
-70.1505 , 
-57.7001 , 
-144.712 , 
-246.164 , 
-71.6974 , 
-77.0993 , 
-117.817 , 
-101.561 , 
-260.024 , 
-87.1197 , 
-49.6574 , 
-45.5579 , 
-192.819 , 
-333.389 , 
-67.3199 , 
-246.58 , 
-211.612 , 
-192.776 , 
-320.539 , 
-239.715 , 
-177.935 , 
-283.96 , 
-247.189 , 
-163.452 , 
-200.697 , 
-46.9768 , 
-192.891 , 
-71.0959 , 
-292.573 , 
-106.576 , 
-131.074 , 
-78.6951 , 
-362.215 , 
-50.8098 , 
-182.135 , 
-115.943 , 
-40.9413 , 
-112.006 , 
-284.231 , 
-70.421 , 
-389.674 , 
-61.2541 , 
-82.2126 , 
-49.3463 , 
-44.5943 , 
-146.317 , 
-165.991 , 
-202.847 , 
-76.3868 , 
-43.2498 , 
-155.034 , 
-156.039 , 
-181.182 , 
-327.032 , 
-53.903 , 
-51.1477 , 
-226.294 , 
-62.0691 , 
-319.189 , 
-76.7629 , 
-104.591 , 
-88.2009 , 
-86.1011 , 
-98.5414 , 
-71.2547 , 
-76.78 , 
-166.769 , 
-113.751 , 
-92.357 , 
-72.9663 , 
-287.114 , 
-326.108 , 
-57.4854 , 
-273.35 , 
-67.3807 , 
-126.193 , 
-86.0333 , 
-367.93 , 
-169.23 , 
-228.397 , 
-278.443 , 
-57.9236 , 
-58.2907 , 
-109.001 , 
-351.135 , 
-48.4236 , 
-46.4767 , 
-318.642 , 
-315.483 , 
-175.748 , 
-219.013 , 
-183.135 , 
-74.4556 , 
-80.5994 , 
-116.769 , 
-116.956 , 
-232.358 , 
-46.1608 , 
-286.345 , 
-87.3247 , 
-79.7175 , 
-58.984 , 
-120.603 , 
-60.365 , 
-41.5648 , 
-310.279 , 
-50.8159 , 
-144.148 , 
-185.339 , 
-222.798 , 
-36.1387 , 
-231.669 , 
-316.236 , 
-68.9905 , 
-64.0054 , 
-386.836 , 
-55.1468 , 
-99.981 , 
-47.9512 , 
-246.664 , 
-115.328 , 
-173.876 , 
-38.8392 , 
-317.403 , 
-258.12 , 
-352.9 , 
-48.1069 , 
-64.2188 , 
-246.376 , 
-153.885 , 
-77.6235 , 
-77.85 , 
-261.838 , 
-104.892 , 
-284.757 , 
-104.99 , 
-47.3169 , 
-72.5315 , 
-92.9717 , 
-247.407 , 
-63.3533 , 
-184.893 , 
-312.231 , 
-62.9348 , 
-355.68 , 
-45.6947 , 
-74.1685 , 
-290.375 , 
-66.698 , 
-295.063 , 
-49.9986 , 
-65.8483 , 
-93.1906 , 
-297.643 , 
-63.7569 , 
-60.9336 , 
-57.095 , 
-229.568 , 
-73.9776 , 
-143.156 , 
-61.9398 , 
-120.083 , 
-47.2809 , 
-155.206 , 
-237.387 , 
-69.5304 , 
-197.605 , 
-252.203 , 
-382.593 , 
-135.842 , 
-267.007 , 
-66.3464 , 
-48.019 , 
-322.027 , 
-67.6302 , 
-105.736 , 
-183.009 , 
-307.114 , 
-264.288 , 
-294.052 , 
-212.597 , 
-278.674 , 
-49.6905 , 
-372.018 , 
-73.5319 , 
-100.534 , 
-302.198 , 
-178.962 , 
-58.2124 , 
-108.793 , 
-169.941 , 
-127.791 , 
-179.811 , 
-278.933 , 
-47.106 , 
-92.8622 , 
-71.1665 , 
-158.041 , 
-282.072 , 
-44.9093 , 
-217.069 , 
-37.9196 , 
-101.748 , 
-227.783 , 
-261.094 , 
-92.8415 , 
-112.099 , 
-144.336 , 
-350.974 , 
-55.0763 , 
-202.34 , 
-207.395 , 
-136.96 , 
-74.9951 , 
-66.2676 , 
-256.269 , 
-147.084 , 
-140.271 , 
-303.799 , 
-92.5637 , 
-318.909 , 
-194.28 , 
-80.6177 , 
-350.245 , 
-298.665 , 
-254.004 , 
-200.608 , 
-215.704 , 
-105.703 , 
-303.353 , 
-283.023 , 
-95.2389 , 
-164.432 , 
-42.4344 , 
-267.404 , 
-344.613 , 
-77.6818 , 
-110.115 , 
-74.7797 , 
-168.876 , 
-66.2257 , 
-69.9418 , 
-114.843 , 
-321.768 , 
-302.789 , 
-410.129 , 
-39.5085 , 
-207.85 , 
-162.523 , 
-94.8529 , 
-90.5474 , 
-134.55 , 
-85.8113 , 
-46.3294 , 
-72.4873 , 
-154.502 , 
-128.647 , 
-61.5161 , 
-222.763 , 
-67.9204 , 
-51.8913 , 
-141.235 , 
-70.2221 , 
-56.0191 , 
-162.124 , 
-206.229 , 
-48.9996 , 
-340.323 , 
-356.554 , 
-126.567 , 
-72.7861 , 
-62.3886 , 
-172.135 , 
-50.1379 , 
-289.514 , 
-144.907 , 
-177.2 , 
-351.267 , 
-191.354 , 
-99.166 , 
-77.4881 , 
-62.7464 , 
-181.955 , 
-193.192 , 
-379.661 , 
-68.5225 , 
-96.2589 , 
-39.0345 , 
-135.413 , 
-35.3628 , 
-63.6628 , 
-139.693 , 
-386.696 , 
-163.471 , 
-337.625 , 
-255.838 , 
-60.8703 , 
-49.2579 , 
-215.921 , 
-87.8463 , 
-104.876 , 
-80.7429 , 
-92.7485 , 
-76.873 , 
-186.938 , 
-328.116 , 
-344.089 , 
-97.6745 , 
-71.6284 , 
-292.377 , 
-181.469 , 
-240.081 , 
-45.1278 , 
-56.1907 , 
-81.5849 , 
-361.71 , 
-96.6723 , 
-63.4865 , 
-99.789 , 
-230.567 , 
-270.181 , 
-66.5488 , 
-46.937 , 
-53.9319 , 
-248.967 , 
-60.6113 , 
-304.772 , 
-118.833 , 
-47.193 , 
-163.232 , 
-311.153 , 
-60.7822 , 
-44.9533 , 
-255.141 , 
-55.9264 , 
-321.72 , 
-105.573 , 
-34.017 , 
-351.123 , 
-46.923 , 
-159.598 , 
-158.581 , 
-85.8554 , 
-55.9155 , 
-381.465 , 
-166.263 , 
-127.722 , 
-260.125 , 
-315.13 , 
-299.686 , 
-369.253 , 
-129.036 , 
-271.665 , 
-73.0944 , 
-307.804 , 
-167.851 , 
-186.931 , 
-76.7372 , 
-188.367 , 
-199.503 , 
-234.652 , 
-156.093 , 
-405.35 , 
-260.478 , 
-195.68 , 
-194.135 , 
-81.7418 , 
-105.172 , 
-115.556 , 
-45.3706 , 
-152.572 , 
-343.296 , 
-196.48 , 
-224.295 , 
-106.66 , 
-162.02 , 
-426.475 , 
-89.4291 , 
-68.0895 , 
-51.5448 , 
-64.9903 , 
-177.515 , 
-50.5522 , 
-138.95 , 
-207.009 , 
-162.135 , 
-117.189 , 
-294.863 , 
-55.0518 , 
-54.6667 , 
-300.619 , 
-48.9873 , 
-299.139 , 
-301.358 , 
-337.877 , 
-186.417 , 
-132.653 , 
-161.253 , 
-92.0181 , 
-88.2617 , 
-131.224 , 
-58.4346 , 
-265.189 , 
-282.819 , 
-210.319 , 
-95.9201 , 
-196.222 , 
-270.808 , 
-99.1271 , 
-360.969 , 
-94.7408 , 
-232.491 , 
-136.625 , 
-153.391 , 
-157.702 , 
-360.128 , 
-331.787 , 
-333.019 , 
-124.642 , 
-368.601 , 
-62.4943 , 
-199.825 , 
-95.4253 , 
-118.159 , 
-295.547 , 
-137.81 , 
-48.1194 , 
-254.121 , 
-128.555 , 
-251.449 , 
-65.8521 , 
-86.3379 , 
-98.0271 , 
-227.105 , 
-236.346 , 
-271.433 , 
-176.246 , 
-148.671 , 
-68.3404 , 
-129.044 , 
-84.6834 , 
-141.452 , 
-152.735 , 
-304.092 , 
-104.396 , 
-341.082 , 
-64.1133 , 
-167.162 , 
-209.447 , 
-187.654 , 
-117.075 , 
-89.1807 , 
-335.646 , 
-207.295 , 
-145.833 , 
-195.265 , 
-136.277 , 
-44.839 , 
-68.0869 , 
-98.4103 , 
-219.758 , 
-247.344 , 
-160.654 , 
-56.6245 , 
-125.201 , 
-104.455 , 
-344.346 , 
-93.6114 , 
-201.238 , 
-59.2002 , 
-39.7594 , 
-195.713 , 
-48.9094 , 
-57.549 , 
-138.157 , 
-318.971 , 
-289.957 , 
-126.7 , 
-157.864 , 
-368.671 , 
-157.752 , 
-121.041 , 
-79.326 , 
-46.0774 , 
-117.703 , 
-293.501 , 
-68.8498 , 
-88.8277 , 
-300.803 , 
-213.482 , 
-162.757 , 
-61.4213 , 
-122.581 , 
-167.585 , 
-112.35 , 
-123.58 , 
-209.445 , 
-152.092 , 
-309.779 , 
-42.7022 , 
-227.239 , 
-51.3552 , 
-80.5167 , 
-348.871 , 
-117.339 , 
-48.832 , 
-72.826 , 
-58.9369 , 
-233.708 , 
-391.006 , 
-51.459 , 
-158.746 , 
-79.4675 , 
-289.47 , 
-87.1213 , 
-157.034 , 
-46.1244 , 
-104.427 , 
-65.9474 , 
-142.839 , 
-214.386 , 
-52.5584 , 
-47.0891 , 
-166.531 , 
-360.368 , 
-72.451 , 
-286.027 , 
-92.0739 , 
-126.141 , 
-42.5156 , 
-67.7131 , 
-120.725 , 
-96.2543 , 
-82.519 , 
-374.546 , 
-252.936 , 
-193.437 , 
-111.743 , 
-101.232 , 
-348.079 , 
-99.7281 , 
-349.167 , 
-116.257 , 
-223.38 , 
-62.687 , 
-44.7848 , 
-42.0598 , 
-148.84 , 
-107.341 , 
-43.4728 , 
-101.203 , 
-318.856 , 
-328.617 , 
-189.444 , 
-80.7297 , 
-221.774 , 
-260.466 , 
-365.042 , 
-119.181 , 
-294.199 , 
-65.4156 , 
-49.0469 , 
-38.7758 , 
-162.455 , 
-79.6198 , 
-129.689 , 
-197.634 , 
-108.686 , 
-60.4315 , 
-265.307 , 
-195.31 , 
-233.271 , 
-53.3902 , 
-95.5058 , 
-360.854 , 
-384.036 , 
-59.81 , 
-89.4077 , 
-99.8429 , 
-167.733 , 
-376.163 , 
-112.761 , 
-344.579 , 
-72.6965 , 
-52.826 , 
-328.529 , 
-48.7838 , 
-322.157 , 
-330.448 , 
-210.653 , 
-145.067 , 
-248.178 , 
-82.9041 , 
-334.76 , 
-68.7175 , 
-178.662 , 
-126.233 , 
-87.9866 , 
-227.597 , 
-137.668 , 
-73.3713 , 
-36.795 , 
-182.888 , 
-49.1237 , 
-46.7846 , 
-167.374 , 
-179.371 , 
-64.3445 , 
-103.207 , 
-260.838 , 
-251.114 , 
-331.261 , 
-42.4973 , 
-65.8835 , 
-271.103 , 
-291.776 , 
-46.4787 , 
-293.92 , 
-210.186 , 
-50.0676 , 
-58.3319 , 
-117.361 , 
-78.3014 , 
-290.81 , 
-94.107 , 
-219.508 , 
-85.7014 , 
-102.812 , 
-130.907 , 
-174.42 , 
-106.618 , 
-332.993 , 
-49.2473 , 
-306.475 , 
-149.543 , 
-72.2914 , 
-408.861 , 
-267.956 , 
-73.8179 , 
-64.9459 , 
-224.653 , 
-127.566 , 
-39.8822 , 
-58.9349 , 
-86.3286 , 
-140.457 , 
-178.154 , 
-182.671 , 
-160.313 , 
-85.95 , 
-67.5153 , 
-133.833 , 
-80.771 , 
-74.7646 , 
-50.549 , 
-81.3131 , 
-133.357 , 
-356.812 , 
-303.14 , 
-59.6041 , 
-297.761 , 
-60.8903 , 
-61.0939 , 
-115.982 , 
-223.72 , 
-63.964 , 
-350.921 , 
-134.279 , 
-285.342 , 
-188.05 , 
-72.0215 , 
-123.98 , 
-55.478 , 
-238.387 , 
-156.295 , 
-60.6655 , 
-240.851 , 
-48.5147 , 
-87.8243 , 
-123.499 , 
-64.1268 , 
-138.313 , 
-293.436 , 
-298.495 , 
-375.883 , 
-73.3547 , 
-107.036 , 
-253.829 , 
-81.7892 , 
-51.8755 , 
-117.579 , 
-50.429 , 
-211.055 , 
-188.416 , 
-298.509 , 
-193.516 , 
-49.0689 , 
-314.49 , 
-61.1218 , 
-51.2274 , 
-191.298 , 
-226.388 , 
-49.878 , 
-257.255 , 
-105.573 , 
-310.625 , 
-69.6702 , 
-254.684 , 
-168.926 , 
-72.5375 , 
-57.5111 , 
-357.786 , 
-82.1294 , 
-315.998 , 
-330.485 , 
-232.579 , 
-120.427 , 
-405.326 , 
-128.246 , 
-269.539 , 
-198.598 , 
-324.308 , 
-276.242 , 
-43.4988 , 
-230.716 , 
-287.563 , 
-90.1592 , 
-39.6708 , 
-130.52 , 
-102.281 , 
-273.079 , 
-419.33 , 
-107.638 , 
-59.975 , 
-160.308 , 
-54.8684 , 
-102.765 , 
-38.5196 , 
-90.4004 , 
-80.5565 , 
-173.319 , 
-300.515 , 
-218.438 , 
-127.721 , 
-155.444 , 
-286.241 , 
-336.375 , 
-168.831 , 
-350.273 , 
-44.0947 , 
-159.909 , 
-108.851 , 
-197.118 , 
-193.99 , 
-81.0863 , 
-275.512 , 
-173.407 , 
-235.02 , 
-347.512 , 
-380.38 , 
-140.776 , 
-271.964 , 
-304.517 , 
-45.959 , 
-51.0064 , 
-237.897 , 
-184.282 , 
-151.812 , 
-234.965 , 
-299.812 , 
-106.514 , 
-199.966 , 
-240.949 , 
-332.615 , 
-89.6683 , 
-199.863 , 
-116.659 , 
-342.987 , 
-85.5966 , 
-112.185 , 
-244.905 , 
-273.645 , 
-75.3859 , 
-133.476 , 
-280.398 , 
-338.891 , 
-139.573 , 
-206.38 , 
-142.239 , 
-431.358 , 
-224.991 , 
-86.8723 , 
-47.8417 , 
-142.113 , 
-200.807 , 
-106.391 , 
-203.893 , 
-149.524 , 
-74.4246 , 
-129.398 , 
-117.5 , 
-357.862 , 
-308.815 , 
-48.0995 , 
-65.0033 , 
-47.2139 , 
-381.971 , 
-48.3135 , 
-322.179 , 
-56.3049 , 
-275.496 , 
-272.152 , 
-50.7487 , 
-103.138 , 
-30.7153 , 
-315.882 , 
-231.962 , 
-64.0241 , 
-111.245 , 
-104.58 , 
-46.4467 , 
-206.485 , 
-34.7749 , 
-45.7643 , 
-80.8994 , 
-402.258 , 
-152.429 , 
-305.538 , 
-44.2057 , 
-90.2268 , 
-155.07 , 
-125.59 , 
-417.684 , 
-233.406 , 
-137.657 , 
-205.457 , 
-48.4967 , 
-315.391 , 
-89.1791 , 
-63.2731 , 
-168.784 , 
-165.663 , 
-276.883 , 
-273.858 , 
-158.744 , 
-100.992 , 
-123.05 , 
-94.395 , 
-72.1689 , 
-370.699 , 
-257.743 , 
-108.226 , 
-237.5 , 
-319.703 , 
-94.4393 , 
-66.7877 , 
-131.102 , 
-139.232 , 
-294.742 , 
-59.0072 , 
-172.086 , 
-176.013 , 
-72.09 , 
-231.225 , 
-350.151 , 
-84.9594 , 
-81.1831 , 
-209.824 , 
-196.225 , 
-260.378 , 
-65.256 , 
-239.055 , 
-151.193 , 
-63.4 , 
-265.659 , 
-105.961 , 
-233.343 , 
-110.993 , 
-53.1967 , 
-113.243 , 
-146.102 , 
-193.361 , 
-209.302 , 
-87.1004 , 
-81.7065 , 
-97.9733 , 
-81.6893 , 
-129.393 , 
-73.7409 , 
-339.198 , 
-107.502 , 
-250.575 , 
-410.052 , 
-252.424 , 
-62.2086 , 
-163.118 , 
-291.108 , 
-97.5889 , 
-213.361 , 
-328.968 , 
-87.4043 , 
-236.28 , 
-98.6 , 
-60.9941 , 
-154.566 , 
-67.4133 , 
-158.346 , 
-137.579 , 
-191.872 , 
-431.55 , 
-156.576 , 
-103.119 , 
-202.573 , 
-370.633 , 
-52.3257 , 
-51.8565 , 
-49.91 , 
-296.832 , 
-175.563 , 
-224.524 , 
-323.958 , 
-103.294 , 
-69.271 , 
-346.829 , 
-99.2634 , 
-64.8059 , 
-148.255 , 
-46.9056 , 
-42.6342 , 
-335.957 , 
-51.7842 , 
-368.509 , 
-304.85 , 
-182.638 , 
-242.107 , 
-84.5148 , 
-310.463 , 
-136.83 , 
-198.331 , 
-120.644 , 
-51.7945 , 
-191.809 , 
-309.513 , 
-62.0301 , 
-338.607 , 
-103.869 , 
-272.654 , 
-89.4824 , 
-102.909 , 
-137.307 , 
-171.867 , 
-103.498 , 
-191.491 , 
-150.23 , 
-248.3 , 
-341.227 , 
-46.3206 , 
-138.068 , 
-136.319 , 
-80.9884 , 
-89.5885 , 
-76.439 , 
-254.555 , 
-204.879 , 
-174.782 , 
-159.037 , 
-225.905 , 
-211.877 , 
-66.2151 , 
-84.487 , 
-54.2374 , 
-279.559 , 
-39.0302 , 
-43.9149 , 
-153.379 , 
-253.626 , 
-210.507 , 
-45.1404 , 
-203.836 , 
-47.4 , 
-73.8174 , 
-216.251 , 
-215.924 , 
-61.2294 , 
-54.3891 , 
-296.133 , 
-60.2964 , 
-55.6858 , 
-220.5 , 
-93.2272 , 
-199.172 , 
-91.2704 , 
-60.5645 , 
-59.3131 , 
-232.702 , 
-124.555 , 
-158.719 , 
-297.99 , 
-113.875 , 
-402.701 , 
-59.0964 , 
-83.4812 , 
-432.598 , 
-294.949 , 
-103.031 , 
-307.313 , 
-312.336 , 
-48.2321 , 
-235.119 , 
-67.7673 , 
-37.7061 , 
-43.7768 , 
-152.348 , 
-244.072 , 
-243.597 , 
-249.915 , 
-95.3738 , 
-82.1206 , 
-48.5435 , 
-139.013 , 
-181.502 , 
-161.026 , 
-70.0742 , 
-342.684 , 
-46.3809 , 
-321.081 , 
-134.436 , 
-86.6003 , 
-57.79 , 
-110.807 , 
-404.727 , 
-294.958 , 
-288.44 , 
-70.6065 , 
-103.16 , 
-248.367 , 
-81.1192 , 
-62.8054 , 
-88.0018 , 
-75.2888 , 
-286.365 , 
-44.7239 , 
-207.466 , 
-141.622 , 
-43.5514 , 
-58.0364 , 
-93.7494 , 
-139.775 , 
-40.3009 , 
-53.7121 , 
-88.1754 , 
-84.2861 , 
-140.693 , 
-134.136 , 
-147.907 , 
-197.65 , 
-393.034 , 
-54.9885 , 
-152.304 , 
-65.3789 , 
-171.357 , 
-93.1379 , 
-300.288 , 
-168.434 , 
-202.887 , 
-44.2985 , 
-195.186 , 
-64.7944 , 
-245.081 , 
-197.508 , 
-49.1534 , 
-95.7657 , 
-81.0183 , 
-63.4003 , 
-99.3129 , 
-179.943 , 
-51.3763 , 
-55.1351 , 
-35.4704 , 
-165.458 , 
-152.655 , 
-52.1454 , 
-131.584 , 
-131.083 , 
-83.7777 , 
-50.5576 , 
-238.814 , 
-95.3577 , 
-274.369 , 
-112.299 , 
-148.793 , 
-184.617 , 
-44.0986 , 
-190.73 , 
-200.954 , 
-62.8081 , 
-73.4693 , 
-226.458 , 
-96.7862 , 
-54.3698 , 
-178.299 , 
-93.3079 , 
-312.692 , 
-152.617 , 
-209.277 , 
-113.712 , 
-211.791 , 
-343.191 , 
-186.038 , 
-231.975 , 
-150.168 , 
-71.1678 , 
-65.7545 , 
-62.0296 , 
-76.0275 , 
-69.0203 , 
-196.654 , 
-126.48 , 
-65.0014 , 
-207.103 , 
-52.4311 , 
-132.352 , 
-163.288 , 
-45.1768 , 
-39.6659 , 
-61.2648 , 
-223.579 , 
-325.248 , 
-170.951 , 
-215.08 , 
-94.6142 , 
-45.0161 , 
-52.898 , 
-81.2879 , 
-340.127 , 
-142.288 , 
-149.502 , 
-63.7861 , 
-315.612 , 
-136.493 , 
-100.952 , 
-342.54 , 
-364.132 , 
-323.779 , 
-103.481 , 
-36.1463 , 
-268.336 , 
-35.6167 , 
-38.8562 , 
-291.886 , 
-107.159 , 
-60.9603 , 
-57.3211 , 
-46.9997 , 
-110.092 , 
-40.5724 , 
-101.471 , 
-275.217 , 
-61.2268 , 
-38.8172 , 
-209.296 , 
-182.029 , 
-253.546 , 
-319.092 , 
-159.126 , 
-144.796 , 
-70.3684 , 
-45.9749 , 
-220.02 , 
-185.927 , 
-31.7956 , 
-90.2673 , 
-313.937 , 
-176.691 , 
-323.904 , 
-359.548 , 
-195.973 , 
-354.183 , 
-293.515 , 
-65.5989 , 
-80.5862 , 
-61.1479 , 
-99.548 , 
-36.8959 , 
-61.2096 , 
-326.652 , 
-113.53 , 
-300.561 , 
-194.928 , 
-234.752 , 
-110.757 , 
-302.313 , 
-129.119 , 
-362.922 , 
-232.871 , 
-236.498 , 
-76.6839 , 
-35.4926 , 
-124.755 , 
-227.615 , 
-317.279 , 
-137.255 , 
-49.3974 , 
-78.8 , 
-86.7789 , 
-169.19 , 
-65.0375 , 
-70.3961 , 
-55.5512 , 
-179.536 , 
-44.5893 , 
-193.781 , 
-96.8696 , 
-263.408 , 
-121.727 , 
-117.125 , 
-204.939 , 
-44.6611 , 
-280.655 , 
-159.179 , 
-293.313 , 
-254.567 , 
-240.235 , 
-154.585 , 
-119.596 , 
-318.615 , 
-54.3264 , 
-99.3131 , 
-46.3742 , 
-53.2851 , 
-192.525 , 
-218.182 , 
-150.883 , 
-136.696 , 
-101.605 , 
-203.877 , 
-163.727 , 
-279.111 , 
-162.145 , 
-182.006 , 
-42.8032 , 
-72.0102 , 
-399.77 , 
-314.698 , 
-50.8168 , 
-107.296 , 
-76.7777 , 
-344.359 , 
-368.23 , 
-35.2324 , 
-64.4766 , 
-69.8855 , 
-232.868 , 
-73.059 , 
-111.163 , 
-227.655 , 
-147.866 , 
-90.6867 , 
-172.11 , 
-214.56 , 
-332.984 , 
-281.183 , 
-47.9614 , 
-82.1572 , 
-138.333 , 
-41.6001 , 
-120.35 , 
-86.6187 , 
-184.618 , 
-87.8705 , 
-159.891 , 
-39.6845 , 
-172.841 , 
-440.183 , 
-48.3652 , 
-186.803 , 
-324.629 , 
-61.2793 , 
-77.7328 , 
-102.719 , 
-338.878 , 
-184.064 , 
-58.4495 , 
-136.865 , 
-56.0586 , 
-156.177 , 
-310.502 , 
-203.731 , 
-326.716 , 
-52.6701 , 
-320.863 , 
-85.0906 , 
-54.0287 , 
-225.584 , 
-51.8973 , 
-46.9129 , 
-161.274 , 
-59.4891 , 
-143.839 , 
-93.5147 , 
-97.3134 , 
-252.292 , 
-208.505 , 
-130.389 , 
-79.9013 , 
-53.3565 , 
-259.58 , 
-81.6453 , 
-127.334 , 
-121.555 , 
-132.314 , 
-218.819 , 
-40.5444 , 
-85.7389 , 
-134.007 , 
-246.827 , 
-349.212 , 
-108.095 , 
-307.989 , 
-61.8541 , 
-196.936 , 
-107.73 , 
-342.324 , 
-207.073 , 
-53.6386 , 
-50.6659 , 
-122.935 , 
-144.609 , 
-310.211 , 
-59.1443 , 
-364.877 , 
-32.4397 , 
-198.117 , 
-160.096 , 
-50.5802 , 
-290.618 , 
-197.631 , 
-364.281 , 
-129.015 , 
-204.022 , 
-193.213 , 
-74.0866 , 
-40.9555 , 
-119.961 , 
-279.924 , 
-129.238 , 
-112.223 , 
-153.819 , 
-58.7892 , 
-30.0739 , 
-284.305 , 
-54.68 , 
-352.595 , 
-46.6951 , 
-86.04 , 
-201.32 , 
-213.491 , 
-265.807 , 
-53.3349 , 
-278.268 , 
-50.9762 , 
-34.1961 , 
-33.1256 , 
-159.477 , 
-65.1538 , 
-242.945 , 
-229.751 , 
-256.486 , 
-46.9811 , 
-323.975 , 
-151.466 , 
-71.476 , 
-142.108 , 
-228.973 , 
-109.234 , 
-317.98 , 
-217.612 , 
-86.8494 , 
-271.948 , 
-54.0894 , 
-63.5324 , 
-57.928 , 
-124.959 , 
-235.089 , 
-75.6054 , 
-32.8952 , 
-43.2838 , 
-124.613 , 
-186.765 , 
-154.198 , 
-249.645 , 
-81.3683 , 
-244.141 , 
-37.3368 , 
-98.8671 , 
-230.667 , 
-47.4145 , 
-359.345 , 
-81.088 , 
-52.1308 , 
-61.5734 , 
-124.24 , 
-237.929 , 
-313.965 , 
-178.701 , 
-38.2158 , 
-65.3702 , 
-299.896 , 
-151.676 , 
-134.033 , 
-128.846 , 
-39.6548 , 
-57.5807 , 
-134.502 , 
-53.5936 , 
-303.697 , 
-368.28 , 
-54.1513 , 
-220.511 , 
-53.3451 , 
-28.8421 , 
-71.1061 , 
-187.099 , 
-146.4 , 
-139.353 , 
-233.601 , 
-175.208 , 
-39.681 , 
-215.465 , 
-41.8294 , 
-30.8229 , 
-46.2636 , 
-56.0791 , 
-41.5041 , 
-108.632 , 
-63.9882 , 
-159.129 , 
-305.86 , 
-57.4851 , 
-68.8835 , 
-127.383 , 
-42.9711 , 
-116.077 , 
-179.092 , 
-259.705 , 
-168.022 , 
-352.281 , 
-127.401 , 
-79.2867 , 
-357.611 , 
-56.5698 , 
-282.771 , 
-192.15 , 
-67.3441 , 
-39.988 , 
-92.2424 , 
-100.753 , 
-171.403 , 
-420.497 , 
-34.8839 , 
-122.73 , 
-265.163 , 
-27.4651 , 
-83.0782 , 
-115.624 , 
-31.5327 , 
-380.71 , 
-152.956 , 
-39.3881 , 
-111.783 , 
-151.651 , 
-25.3593 , 
-198.998 , 
-139.302 , 
-27.2618 , 
-25.3289 , 
-40.3875 , 
-99.9265 , 
-108.432 , 
-74.5335 , 
-79.8606 , 
-309.211 , 
-336.838 , 
-26.8699 , 
-71.2124 , 
-37.971 , 
-48.518 , 
-266.345 , 
-210.23 , 
-98.966 , 
-47.3982 , 
-30.8448 , 
-103.304 , 
-306.376 , 
-187.477 , 
-35.7458 , 
-136.796 , 
-54.5458 , 
-147.63 , 
-84.2408 , 
-49.2617 , 
-125.36 , 
-200.915 , 
-127.105 , 
-93.177 , 
-33.1472 , 
-28.1541 , 
-160.472 , 
-97.2369 , 
-242.945 , 
-62.5931 , 
-180.693 , 
-183.516 , 
-48.6543 , 
-78.6666 , 
-144.629 , 
-175.797 , 
-96.499 , 
-128.834 , 
-116.512 , 
-57.3048 , 
-289.213 , 
-142.292 , 
-147.95 , 
-216.004 , 
-246.228 , 
-158.912 , 
-51.0931 , 
-85.9193 , 
-34.7709 , 
-104.044 , 
-35.7292 , 
-71.1333 , 
-428.8 , 
-328.282 , 
-63.3162 , 
-114.119 , 
-71.2173 , 
-134.263 , 
-152.779 , 
-267.944 , 
-84.7474 , 
-48.6651 , 
-43.8917 , 
-295.816 , 
-248.399 , 
-208.802 , 
-391.749 , 
-244.961 , 
-48.508 , 
-22.0376 , 
-323.616 , 
-229.125 , 
-153.084 , 
-222.758 , 
-297.855 , 
-97.2353 , 
-57.2525 , 
-108.928 , 
-108.134 , 
-211.985 , 
-361.593 , 
-60.4968 , 
-450.258 , 
-284.124 , 
-44.0042 , 
-238.003 , 
-269.013 , 
-517.808 , 
-90.5883 , 
-50.3616 , 
-214.038 , 
-52.0026 , 
-55.2158 , 
-269.342 , 
-79.9356 , 
-246.631 , 
-107.475 , 
-228.559 , 
-286.229 , 
-241.943 , 
-298.627 , 
-287.682 , 
-85.7074 , 
-96.4061 , 
-206.574 , 
-74.6705 , 
-322.937 , 
-247.397 , 
-227.308 , 
-236.426 , 
-328.627 , 
-365.227 , 
-362.311 , 
-305.489 , 
-298.301 , 
-195.234 , 
-127.612 , 
-229.022 , 
-249.493 , 
-222.354 , 
-231.181 , 
-232.589 , 
-45.6777 , 
-104.861 , 
-195.696 , 
-109.733 , 
-65.3381 , 
-70.6445 , 
-270.299 , 
-109.404 , 
-45.1269 , 
-38.782 , 
-177.25 , 
-47.1231 , 
-232.928 , 
-127.228 , 
-142.132 , 
-225.353 , 
-84.0867 , 
-42.6893 , 
-42.5072 , 
-54.5133 , 
-61.0323 , 
-362.235 , 
-261.457 , 
-154.876 , 
-364.42 , 
-62.8188 , 
-235.861 , 
-84.2305 , 
-235.68 , 
-308.672 , 
-166.674 , 
-113.111 , 
-86.5873 , 
-186.835 , 
-77.8073 , 
-146.547 , 
-328.384 , 
-159.338 , 
-137.203 , 
-59.0856 , 
-104.468 , 
-102.91 , 
-235.03 , 
-138.573 , 
-342.482 , 
-133.732 , 
-167.487 , 
-168.119 , 
-165.996 , 
-251.592 , 
-68.7754 , 
-264.262 , 
-159.252 , 
-66.0242 , 
-246.569 , 
-69.984 , 
-87.6045 , 
-232.038 , 
-361.053 , 
-64.286 , 
-345.723 , 
-260.953 , 
-75.0336 , 
-225.812 , 
-243.548 , 
-130.234 , 
-266.388 , 
-169.671 , 
-64.7205 , 
-64.7428 , 
-247.816 , 
-72.5947 , 
-71.827 , 
-176.365 , 
-74.328 , 
-288.897 , 
-38.8953 , 
-288.958 , 
-75.9744 , 
-294.313 , 
-44.568 , 
-80.8315 , 
-54.592 , 
-75.0363 , 
-237.703 , 
-43.8361 , 
-151.523 , 
-136.268 , 
-327.91 , 
-90.6956 , 
-69.7189 , 
-184.599 , 
-45.4757 , 
-55.0816 , 
-35.1316 , 
-331.641 , 
-314.463 , 
-353.895 , 
-336.882 , 
-174.042 , 
-117.584 , 
-145.476 , 
-149.612 , 
-169.435 , 
-179.387 , 
-194.476 , 
-46.9358 , 
-84.3967 , 
-85.2147 , 
-280.125 , 
-39.7319 , 
-182.292 , 
-350.353 , 
-320.574 , 
-40.4594 , 
-68.6387 , 
-272.081 , 
-285.045 , 
-46.6224 , 
-412.52 , 
-228.482 , 
-127.549 , 
-241.591 , 
-317.81 , 
-289.922 , 
-72.0638 , 
-65.4779 , 
-116.798 , 
-170.944 , 
-235.701 , 
-129.595 , 
-144.34 , 
-201.233 , 
-71.735 , 
-289.855 , 
-149.216 , 
-130.903 , 
-181.915 , 
-166.702 , 
-298.041 , 
-131.313 , 
-97.3475 , 
-48.6018 , 
-92.3609 , 
-122.163 , 
-59.2361 , 
-88.7306 , 
-49.7633 , 
-259.828 , 
-130.158 , 
-35.0159 , 
-163.4 , 
-80.6786 , 
-85.9503 , 
-38.779 , 
-215.016 , 
-126.399 , 
-94.1612 , 
-322.167 , 
-127.364 , 
-101.387 , 
-152.303 , 
-48.1031 , 
-212.991 , 
-302.64 , 
-72.4808 , 
-41.4831 , 
-124.366 , 
-61.567 , 
-50.6781 , 
-123.079 , 
-279.158 , 
-145.135 , 
-184.327 , 
-85.675 , 
-203.811 , 
-284.603 , 
-253.957 , 
-161.979 , 
-38.943 , 
-92.6119 , 
-157.255 , 
-166.889 , 
-39.484 , 
-149.049 , 
-221.016 , 
-52.3727 , 
-226.205 , 
-77.415 , 
-136.041 , 
-116.699 , 
-336.464 , 
-121.303 , 
-244.99 , 
-58.928 , 
-90.059 , 
-38.7848 , 
-52.6006 , 
-293.998 , 
-59.1419 , 
-305.14 , 
-52.2451 , 
-110.737 , 
-363.021 , 
-111.879 , 
-327.92 , 
-99.5212 , 
-195.55 , 
-127.01 , 
-117.99 , 
-117.117 , 
-53.1775 , 
-97.5359 , 
-73.3216 , 
-95.0216 , 
-385.137 , 
-164.428 , 
-154.026 , 
-154.372 , 
-87.5335 , 
-238.529 , 
-94.8824 , 
-345.502 , 
-158.075 , 
-124.22 , 
-112.384 , 
-183.109 , 
-293.821 , 
-322.514 , 
-297.329 , 
-338.162 , 
-468.254 , 
-200.35 , 
-109.743 , 
-234.957 , 
-254.49 , 
-234.43 , 
-83.3875 , 
-154.581 , 
-129.112 , 
-328.405 , 
-359.113 , 
-69.7971 , 
-59.9597 , 
-304.909 , 
-279.782 , 
-123.631 , 
-46.9187 , 
-238.856 , 
-42.3111 , 
-330.934 , 
-30.9895 , 
-40.5739 , 
-64.5522 , 
-237.092 , 
-374.526 , 
-95.6722 , 
-288.618 , 
-121.968 , 
-106.511 , 
-214.198 , 
-110.86 , 
-59.853 , 
-125.814 , 
-88.4565 , 
-237.41 , 
-94.1873 , 
-191.557 , 
-380.971 , 
-125.832 , 
-148.585 , 
-366.214 , 
-58.883 , 
-177.653 , 
-344.457 , 
-123.779 , 
-64.5771 , 
-91.1582 , 
-422.832 , 
-227.645 , 
-270.352 , 
-148.056 , 
-299.11 , 
-210.178 , 
-102.796 , 
-335.943 , 
-306.007 , 
-203.401 , 
-61.9936 , 
-70.9484 , 
-95.3323 , 
-66.6717 , 
-56.6031 , 
-210.785 , 
-232.296 , 
-311.298 , 
-49.9796 , 
-120.193 , 
-249.242 , 
-159.403 , 
-351.942 , 
-53.0118 , 
-224.683 , 
-77.3414 , 
-78.6968 , 
-217.57 , 
-393.017 , 
-67.9537 , 
-402.941 , 
-106.621 , 
-201.355 , 
-218.494 , 
-285.989 , 
-333.261 , 
-394.133 , 
-36.1455 , 
-85.0625 , 
-185.335 , 
-283.328 , 
-76.067 , 
-242.035 , 
-196.758 , 
-191.765 , 
-43.6995 , 
-88.5548 , 
-44.7888 , 
-335.891 , 
-130.4 , 
-123.977 , 
-49.3918 , 
-322.106 , 
-46.1363 , 
-153.621 , 
-285.012 , 
-92.1327 , 
-69.3475 , 
-35.7309 , 
-383.656 , 
-203.099 , 
-244.136 , 
-141.731 , 
-67.4006 , 
-78.9753 , 
-240.856 , 
-239.177 , 
-177.875 , 
-61.9736 , 
-126.767 , 
-274.598 , 
-301.777 , 
-98.1894 , 
-76.8575 , 
-281.623 , 
-49.7277 , 
-344.29 , 
-217.069 , 
-86.0479 , 
-292.771 , 
-167.739 , 
-96.54 , 
-324.521 , 
-77.0121 , 
-399.673 , 
-104.801 , 
-229.457 , 
-153.654 , 
-155.659 , 
-207.443 , 
-71.4716 , 
-290.814 , 
-116.546 , 
-75.9459 , 
-193.587 , 
-244.185 , 
-339.418 , 
-222.543 , 
-39.5525 , 
-279.828 , 
-277.671 , 
-103.389 , 
-193.305 , 
-95.7132 , 
-249.549 , 
-90.0732 , 
-75.893 , 
-264.517 , 
-49.807 , 
-153.025 , 
-53.184 , 
-58.5662 , 
-50.8307 , 
-278.349 , 
-152.232 , 
-119.183 , 
-195.392 , 
-60.6281 , 
-136.849 , 
-217.993 , 
-322.377 , 
-176.158 , 
-98.5793 , 
-207.679 , 
-311.717 , 
-216.762 , 
-94.3409 , 
-43.363 , 
-342.755 , 
-59.4808 , 
-302.785 , 
-317.86 , 
-40.7323 , 
-164.774 , 
-53.7402 , 
-165.444 , 
-43.8373 , 
-236.409 , 
-47.5069 , 
-232.856 , 
-184.624 , 
-215.674 , 
-200.472 , 
-78.5397 , 
-347.341 , 
-309.392 , 
-38.6369 , 
-282.628 , 
-122.697 , 
-283.8 , 
-146.61 , 
-279.747 , 
-39.0491 , 
-340.229 , 
-55.4501 , 
-130.419 , 
-41.3723 , 
-241.835 , 
-68.776 , 
-178.273 , 
-132.034 , 
-64.5977 , 
-42.0318 , 
-105.009 , 
-220.868 , 
-54.988 , 
-72.7781 , 
-92.5791 , 
-54.6294 , 
-213.321 , 
-214.274 , 
-201.239 , 
-242.319 , 
-87.931 , 
-80.4864 , 
-52.6047 , 
-207.005 , 
-175.988 , 
-31.9079 , 
-243.761 , 
-69.2266 , 
-62.1845 , 
-68.5289 , 
-223.449 , 
-185.459 , 
-109.856 , 
-319.273 , 
-221.449 , 
-72.9938 , 
-68.0759 , 
-78.3293 , 
-255.734 , 
-387.988 , 
-51.7927 , 
-97.0038 , 
-60.3558 , 
-161.997 , 
-73.0463 , 
-148.605 , 
-52.6848 , 
-81.9224 , 
-247.706 , 
-295.098 , 
-301.263 , 
-273.704 , 
-303.763 , 
-145.402 , 
-210.132 , 
-75.3078 , 
-302.799 , 
-188.643 , 
-373 , 
-138.498 , 
-53.5564 , 
-137.617 , 
-62.1515 , 
-291.894 , 
-147.468 , 
-86.4615 , 
-323.593 , 
-293.134 , 
-106.235 , 
-288.744 , 
-54.2464 , 
-176.261 , 
-45.2955 , 
-203.534 , 
-97.7413 , 
-59.4223 , 
-89.7762 , 
-75.6197 , 
-40.9722 , 
-156.796 , 
-273.608 , 
-51.2429 , 
-267.362 , 
-81.1455 , 
-43.6225 , 
-72.9571 , 
-206.547 , 
-44.4253 , 
-56.4636 , 
-304.822 , 
-181.668 , 
-59.0001 , 
-65.5599 , 
-57.5 , 
-76.8158 , 
-169.757 , 
-199.686 , 
-107.81 , 
-373.88 , 
-167.114 , 
-176.877 , 
-156.924 , 
-201.532 , 
-44.7725 , 
-79.7703 , 
-235.565 , 
-106.663 , 
-93.7376 , 
-83.8753 , 
-134.037 , 
-127.563 , 
-62.3045 , 
-261.539 , 
-141.04 , 
-54.1067 , 
-85.6453 , 
-256.172 , 
-154.747 , 
-132.066 , 
-241.547 , 
-106.426 , 
-303.513 , 
-157.835 , 
-251.961 , 
-60.2345 , 
-50.9553 , 
-95.0975 , 
-161.837 , 
-106.692 , 
-102.864 , 
-97.8955 , 
-56.6329 , 
-118.983 , 
-58.7582 , 
-119.072 , 
-311.192 , 
-292.361 , 
-92.1852 , 
-70.9473 , 
-358.309 , 
-163.854 , 
-182.751 , 
-91.942 , 
-252.378 , 
-117.635 , 
-201.542 , 
-345.606 , 
-104.779 , 
-63.8376 , 
-119.756 , 
-82.2192 , 
