-298.646 , 
-250.191 , 
-244.736 , 
-134.566 , 
-306.352 , 
-265.079 , 
-263.298 , 
-200.808 , 
-140.201 , 
-271.169 , 
-322.398 , 
-234.161 , 
-305.611 , 
-105.09 , 
-285.932 , 
-335.962 , 
-116.862 , 
-181.835 , 
-190.663 , 
-98.0854 , 
-120.004 , 
-410.972 , 
-262.104 , 
-117.849 , 
-185.461 , 
-250.987 , 
-206.67 , 
-140.082 , 
-132.357 , 
-120.286 , 
-133.946 , 
-118.718 , 
-155.436 , 
-203.205 , 
-282.2 , 
-242.668 , 
-128.537 , 
-210.603 , 
-182.836 , 
-342.995 , 
-337.647 , 
-143.349 , 
-232.741 , 
-313.663 , 
-174.241 , 
-199.327 , 
-124.424 , 
-199.745 , 
-105.31 , 
-170.152 , 
-216.19 , 
-122.357 , 
-131.876 , 
-186.396 , 
-273.519 , 
-131.151 , 
-130.909 , 
-257.404 , 
-123.368 , 
-280.552 , 
-285.7 , 
-98.8388 , 
-164.872 , 
-146.827 , 
-221.46 , 
-287.872 , 
-119.825 , 
-174.302 , 
-174.945 , 
-116.188 , 
-131.809 , 
-130.883 , 
-253.24 , 
-290.228 , 
-127.756 , 
-97.4943 , 
-235.419 , 
-380.807 , 
-405.322 , 
-151.609 , 
-162.102 , 
-149.22 , 
-122.384 , 
-123.728 , 
-346.276 , 
-114.62 , 
-131.857 , 
-158.159 , 
-112.994 , 
-172.124 , 
-125.819 , 
-184.186 , 
-91.8355 , 
-119.671 , 
-235.07 , 
-226.144 , 
-278.28 , 
-265.445 , 
-148.772 , 
-168.585 , 
-321.55 , 
