229.623 , 
28.6304 , 
12.3373 , 
22.0579 , 
29.5759 , 
237.883 , 
24.0764 , 
42.5634 , 
21.3059 , 
22.1445 , 
39.7741 , 
24.1152 , 
182.122 , 
143.758 , 
119.446 , 
19.0105 , 
36.5333 , 
19.4146 , 
45.0577 , 
33.3659 , 
40.2741 , 
18.894 , 
39.4315 , 
34.7009 , 
42.9524 , 
30.1101 , 
28.3671 , 
41.5527 , 
60.5239 , 
31.0919 , 
247.301 , 
19.4248 , 
33.7166 , 
26.8696 , 
36.4985 , 
20.3624 , 
111.357 , 
229.844 , 
12.8768 , 
63.9744 , 
22.1012 , 
16.1876 , 
49.7677 , 
64.0119 , 
164.961 , 
75.0912 , 
68.8558 , 
208.131 , 
124.918 , 
22.7271 , 
10.1349 , 
88.2133 , 
37.4144 , 
117.723 , 
99.5593 , 
136.194 , 
10.0134 , 
11.7551 , 
9.56416 , 
9.93985 , 
11.2211 , 
11.4617 , 
9.90322 , 
10.0818 , 
11.219 , 
8.45623 , 
11.7577 , 
11.4329 , 
128.885 , 
192.877 , 
212.071 , 
157.183 , 
40.6189 , 
103.237 , 
32.0061 , 
56.4316 , 
96.2077 , 
86.814 , 
57.2894 , 
74.9983 , 
57.4068 , 
36.5058 , 
38.5635 , 
20.4447 , 
32.6719 , 
79.8387 , 
118.008 , 
39.8838 , 
44.055 , 
32.0748 , 
24.7779 , 
22.4791 , 
25.9782 , 
24.3697 , 
30.7029 , 
70.5981 , 
84.8056 , 
24.0426 , 
82.8782 , 
90.6028 , 
170.448 , 
120.849 , 
141.952 , 
46.9654 , 
87.4098 , 
247.107 , 
145.66 , 
203.899 , 
112.642 , 
146.676 , 
80.7602 , 
66.7396 , 
111.585 , 
87.2499 , 
23.4539 , 
94.5927 , 
102.355 , 
