70.4446 , 
86.9376 , 
78.7305 , 
92.1932 , 
86.0688 , 
88.81 , 
87.8476 , 
88.3062 , 
88.6827 , 
88.712 , 
90.0468 , 
90.9223 , 
88.503 , 
90.2332 , 
90.6372 , 
90.8658 , 
93.6672 , 
92.9612 , 
95.4364 , 
97.5201 , 
96.0256 , 
99.4433 , 
104.313 , 
105.865 , 
109.745 , 
121.604 , 
127.187 , 
133.327 , 
138.539 , 
136.607 , 
135.791 , 
133.061 , 
125.242 , 
125.79 , 
117.629 , 
121.525 , 
112.364 , 
112.624 , 
110.315 , 
109.892 , 
111.47 , 
111.561 , 
112.821 , 
112.426 , 
112.952 , 
112.879 , 
112.117 , 
111.973 , 
109.742 , 
108.623 , 
106.025 , 
105.469 , 
103.639 , 
102.416 , 
100.477 , 
100.391 , 
98.7589 , 
97.0126 , 
95.2302 , 
95.4255 , 
93.9889 , 
90.8722 , 
82.0399 , 
86.7986 , 
84.1503 , 
81.0735 , 
78.3156 , 
77.7829 , 
75.4904 , 
75.1604 , 
74.2775 , 
74.2554 , 
73.3828 , 
73.2298 , 
71.589 , 
72.5157 , 
71.9548 , 
72.268 , 
71.9356 , 
72.0979 , 
71.801 , 
71.6916 , 
71.3376 , 
71.3714 , 
71.4376 , 
71.2807 , 
70.8055 , 
71.1499 , 
70.8842 , 
71.1755 , 
71.1147 , 
71.0232 , 
71.1224 , 
70.9742 , 
71.1094 , 
70.9626 , 
71.1475 , 
71.0881 , 
70.9797 , 
71.0942 , 
70.8485 , 
71.0716 , 
69.6957 , 
71.1108 , 
71.0883 , 
71.215 , 
71.5321 , 
71.2143 , 
71.4907 , 
71.5227 , 
71.8888 , 
71.8264 , 
72.6812 , 
71.7592 , 
71.776 , 
72.7442 , 
73.5376 , 
73.1239 , 
74.669 , 
73.8508 , 
75.9182 , 
78.3445 , 
81.5727 , 
77.4562 , 
87.8627 , 
94.0165 , 
102.928 , 
105.573 , 
112.307 , 
117.592 , 
93.0805 , 
106.596 , 
88.6375 , 
85.5925 , 
88.8553 , 
69.881 , 
99.5089 , 
103.004 , 
107.556 , 
98.3408 , 
116.52 , 
122.448 , 
144.589 , 
136.728 , 
151.908 , 
146.996 , 
162.938 , 
162.144 , 
147.641 , 
136.265 , 
115.546 , 
143.913 , 
108.639 , 
108.47 , 
84.0832 , 
83.6304 , 
73.693 , 
120.875 , 
78.9807 , 
80.5647 , 
88.973 , 
93.151 , 
106.138 , 
104.646 , 
113.422 , 
95.6659 , 
92.213 , 
93.8524 , 
97.092 , 
105.218 , 
105.048 , 
108.463 , 
107.56 , 
100.652 , 
102.091 , 
101.962 , 
91.1025 , 
89.4581 , 
96.7334 , 
131.385 , 
97.4327 , 
115.328 , 
44.6718 , 
44.4959 , 
47.7875 , 
45.859 , 
44.9312 , 
45.485 , 
48.6409 , 
48.989 , 
48.6845 , 
50.8515 , 
49.5718 , 
49.1837 , 
49.0325 , 
49.5414 , 
32.9242 , 
32.1142 , 
48.5639 , 
47.0112 , 
49.4354 , 
47.9568 , 
46.4838 , 
45.5876 , 
46.5645 , 
46.9303 , 
32.46 , 
33.0815 , 
46.1468 , 
33.4771 , 
33.6497 , 
46.395 , 
33.5953 , 
45.7292 , 
36.9675 , 
35.01 , 
44.1057 , 
45.3168 , 
45.2239 , 
33.0724 , 
46.5111 , 
45.0264 , 
45.5149 , 
44.9189 , 
46.0709 , 
44.16 , 
44.1643 , 
44.3706 , 
36.5498 , 
45.5731 , 
44.4077 , 
46.1851 , 
45.4219 , 
44.3224 , 
46.9147 , 
34.8892 , 
46.987 , 
46.2355 , 
45.0881 , 
44.9158 , 
45.7171 , 
46.4693 , 
47.0215 , 
45.4983 , 
43.4206 , 
44.1708 , 
44.0062 , 
41.2249 , 
44.0819 , 
44.7704 , 
44.1707 , 
44.1086 , 
45.3377 , 
45.439 , 
41.022 , 
42.0183 , 
42.2582 , 
42.9108 , 
44.3352 , 
44.3653 , 
43.49 , 
43.3462 , 
43.1217 , 
43.3173 , 
42.9289 , 
42.0136 , 
43.4428 , 
43.9437 , 
44.795 , 
43.5248 , 
43.9778 , 
51.9436 , 
44.7947 , 
49.4352 , 
44.6044 , 
52.8861 , 
56.3577 , 
42.3008 , 
54.8678 , 
65.3998 , 
54.7665 , 
55.309 , 
54.0233 , 
64.7653 , 
63.5215 , 
52.7908 , 
52.0522 , 
53.2372 , 
67.0861 , 
65.3228 , 
44.3726 , 
48.4002 , 
55.2255 , 
54.4622 , 
65.5349 , 
52.8426 , 
56.163 , 
54.1755 , 
66.2596 , 
65.7847 , 
43.3643 , 
52.8459 , 
40.1252 , 
45.6656 , 
68.4156 , 
67.8493 , 
64.4134 , 
39.551 , 
44.3551 , 
46.3599 , 
41.4038 , 
56.0512 , 
55.2677 , 
72.9922 , 
73.6351 , 
40.3242 , 
71.7761 , 
38.9493 , 
39.1514 , 
42.4534 , 
39.3032 , 
38.1689 , 
42.418 , 
39.8947 , 
40.9167 , 
39.3812 , 
44.4122 , 
85.2737 , 
41.4449 , 
41.094 , 
41.6413 , 
42.3656 , 
84.4987 , 
84.1098 , 
43.5357 , 
43.552 , 
91.4273 , 
91.3847 , 
94.3514 , 
40.8986 , 
41.0158 , 
87.9252 , 
87.8489 , 
42.531 , 
42.9402 , 
83.729 , 
83.881 , 
43.5792 , 
89.505 , 
88.7814 , 
42.0879 , 
42.2574 , 
87.2299 , 
86.7235 , 
42.7718 , 
43.3457 , 
76.9816 , 
87.0113 , 
96.5013 , 
43.0139 , 
99.032 , 
96.4944 , 
97.179 , 
