39.4823 , 
21.7334 , 
16.4444 , 
18.8984 , 
18.8937 , 
14.4633 , 
37.9716 , 
17.9421 , 
19.0702 , 
39.3335 , 
23.678 , 
39.8157 , 
20.0604 , 
17.5815 , 
31.0786 , 
7.63669 , 
11.637 , 
22.9341 , 
15.6882 , 
39.9128 , 
38.8432 , 
38.3826 , 
39.2505 , 
12.4591 , 
37.7204 , 
22.713 , 
32.8054 , 
36.5666 , 
29.1405 , 
13.6245 , 
27.0621 , 
39.334 , 
18.043 , 
37.7103 , 
39.612 , 
17.6665 , 
9.21315 , 
38.5782 , 
30.3549 , 
17.8619 , 
39.7392 , 
8.03211 , 
39.635 , 
14.4446 , 
25.1437 , 
39.7516 , 
39.5922 , 
31.6198 , 
39.8339 , 
23.3804 , 
39.5889 , 
37.4195 , 
23.8273 , 
39.5778 , 
12.0063 , 
40.105 , 
39.5023 , 
13.2706 , 
35.6632 , 
14.5033 , 
20.2465 , 
39.4224 , 
16.8563 , 
14.0601 , 
38.4833 , 
13.7691 , 
39.4746 , 
