53.7457 , 
64.6575 , 
47.8406 , 
48.4415 , 
65.1587 , 
63.3263 , 
63.4092 , 
64.6015 , 
62.9761 , 
64.0862 , 
46.4128 , 
65.3321 , 
65.7165 , 
46.5241 , 
60.1855 , 
60.5296 , 
64.6777 , 
61.9799 , 
64.6715 , 
44.1095 , 
64.8745 , 
44.0054 , 
59.9581 , 
44.003 , 
64.1047 , 
64.2712 , 
58.7379 , 
63.4051 , 
44.9363 , 
56.3786 , 
63.4957 , 
55.4236 , 
63.3792 , 
63.5091 , 
46.7085 , 
44.6135 , 
56.5335 , 
60.856 , 
45.0804 , 
64.9393 , 
62.8538 , 
65.7331 , 
62.4519 , 
64.5895 , 
63.1795 , 
51.3749 , 
45.0897 , 
63.0769 , 
63.9265 , 
64.2805 , 
63.4024 , 
59.2104 , 
62.8029 , 
62.6229 , 
61.6045 , 
63.2871 , 
54.7865 , 
65.2788 , 
49.4539 , 
63.6184 , 
61.0917 , 
63.5885 , 
64.4714 , 
63.8995 , 
65.0313 , 
64.5907 , 
63.7254 , 
61.798 , 
64.6361 , 
62.7577 , 
63.3863 , 
54.8237 , 
63.2807 , 
62.5113 , 
47.5564 , 
62.347 , 
48.1923 , 
65.3276 , 
62.6291 , 
62.6881 , 
64.5854 , 
61.7313 , 
61.2586 , 
64.8164 , 
59.4626 , 
62.6917 , 
48.5431 , 
63.3596 , 
63.8488 , 
65.307 , 
62.4968 , 
64.2739 , 
64.1868 , 
64.2358 , 
64.3231 , 
63.4313 , 
61.1911 , 
55.5061 , 
62.7646 , 
63.1518 , 
64.154 , 
54.0429 , 
64.8775 , 
62.1633 , 
63.472 , 
61.5781 , 
63.1955 , 
63.8434 , 
63.1001 , 
51.9545 , 
62.9633 , 
61.484 , 
65.2891 , 
57.7018 , 
63.5511 , 
60.4422 , 
60.363 , 
65.5863 , 
60.8651 , 
65.1515 , 
64.7813 , 
64.6667 , 
64.466 , 
47.8005 , 
62.8455 , 
57.3009 , 
60.1916 , 
63.3885 , 
60.1202 , 
64.6324 , 
64.627 , 
65.1407 , 
63.5293 , 
50.6287 , 
62.8371 , 
65.6104 , 
64.0593 , 
63.0661 , 
64.8141 , 
65.4408 , 
65.1894 , 
47.481 , 
64.9003 , 
64.4058 , 
48.0906 , 
63.3875 , 
63.3433 , 
50.4416 , 
65.2287 , 
65.1812 , 
58.7279 , 
65.5334 , 
64.0712 , 
63.4389 , 
56.324 , 
63.2382 , 
64.7578 , 
55.5853 , 
50.1481 , 
64.9078 , 
62.9853 , 
61.106 , 
61.1889 , 
45.2903 , 
62.4179 , 
46.9529 , 
59.8907 , 
65.2025 , 
64.3443 , 
56.4316 , 
44.0272 , 
65.0511 , 
63.3892 , 
65.2497 , 
64.7658 , 
64.2695 , 
49.3685 , 
64.1241 , 
50.102 , 
59.1264 , 
64.2221 , 
63.6021 , 
49.0129 , 
45.1662 , 
63.7082 , 
56.8306 , 
43.8391 , 
66.1231 , 
55.6012 , 
61.4963 , 
64.607 , 
63.6734 , 
44.2449 , 
63.9675 , 
63.9734 , 
58.4881 , 
48.913 , 
65.9932 , 
64.2351 , 
65.5956 , 
51.2649 , 
63.3748 , 
59.51 , 
59.0749 , 
56.8531 , 
60.4014 , 
65.226 , 
65.1384 , 
55.3318 , 
64.8591 , 
64.5195 , 
62.8608 , 
49.2341 , 
62.2423 , 
64.5102 , 
55.2546 , 
62.0945 , 
64.6698 , 
55.8358 , 
50.2579 , 
64.4229 , 
63.1434 , 
48.7388 , 
45.4788 , 
65.6032 , 
64.925 , 
57.61 , 
65.8893 , 
63.9124 , 
61.8486 , 
60.6818 , 
45.2042 , 
65.4405 , 
64.9497 , 
63.3057 , 
62.9031 , 
62.6346 , 
51.9305 , 
63.4983 , 
63.2968 , 
65.2961 , 
64.9707 , 
63.711 , 
63.1497 , 
59.4947 , 
61.7387 , 
55.5223 , 
44.0149 , 
47.2948 , 
48.8765 , 
65.9622 , 
62.7375 , 
46.0404 , 
63.7294 , 
59.6726 , 
60.6504 , 
45.6731 , 
64.462 , 
62.6049 , 
47.2671 , 
58.2011 , 
44.621 , 
59.6887 , 
60.8962 , 
61.6631 , 
62.9313 , 
63.6668 , 
63.3328 , 
66.0251 , 
50.017 , 
63.0011 , 
60.4981 , 
59.6643 , 
63.0362 , 
46.5213 , 
58.5433 , 
64.9166 , 
