-88.5776 , 
-319.21 , 
-316.335 , 
-362.654 , 
-3.31164 , 
-0.345854 , 
-13.021 , 
-77.9303 , 
-68.787 , 
-184.457 , 
-1.08562 , 
-202.403 , 
-0.83705 , 
-5.22742 , 
-4.13255 , 
-13.7846 , 
-0.130846 , 
-421.142 , 
-38.4266 , 
-2.45554 , 
-11.3956 , 
-33.296 , 
-221.743 , 
-88.887 , 
-5.04762 , 
-258.873 , 
-65.7999 , 
-211.234 , 
-1.97894 , 
-0.270545 , 
-410.619 , 
-390.69 , 
-35.4704 , 
-229.062 , 
-0.904409 , 
-230.337 , 
-74.223 , 
-42.8705 , 
-4.01761 , 
-296.131 , 
-5.26253 , 
-80.0839 , 
-6.68409 , 
-16.342 , 
-23.2295 , 
-92.7124 , 
-321.854 , 
-21.0437 , 
-17.6689 , 
-4.39727 , 
-0.0735876 , 
-60.7814 , 
-15.1065 , 
-3.17047 , 
-188.906 , 
-8.08605 , 
-0.0735953 , 
-90.5681 , 
-26.3953 , 
-6.3552 , 
-1.0856 , 
-8.31445 , 
-170.495 , 
-200.265 , 
-65.1887 , 
-275.762 , 
-109.29 , 
-280.808 , 
-35.2104 , 
-260.315 , 
-2.53737 , 
-78.7514 , 
-10.2472 , 
-343.442 , 
-96.7523 , 
-145.001 , 
-4.27785 , 
-40.4114 , 
-28.7049 , 
-7.33311 , 
-13.0561 , 
-1.38891 , 
-2.90611 , 
-284.518 , 
-140.228 , 
-145.1 , 
-37.3426 , 
-1.94852 , 
-19.9297 , 
-13.0455 , 
-67.8542 , 
-313.772 , 
-137.11 , 
-0.115035 , 
-3.22828 , 
-0.822712 , 
-2.04386 , 
-87.8601 , 
-0.0128088 , 
-202.955 , 
-273.789 , 
-17.6237 , 
-311.267 , 
-66.9921 , 
-22.1606 , 
-4.79506 , 
-183.028 , 
-327.65 , 
-0.115077 , 
-21.6673 , 
-8.59064 , 
-175.719 , 
-39.2745 , 
-1.56449 , 
-3.71353 , 
-125.847 , 
-1.79085 , 
-146.482 , 
-265.856 , 
-0.00479661 , 
-89.7678 , 
-23.4627 , 
-9.85064 , 
-340.155 , 
-18.2362 , 
-3.31197 , 
-41.1372 , 
-0.0188199 , 
-96.6287 , 
-72.6372 , 
-0.948678 , 
-3.31177 , 
-14.0375 , 
-421.571 , 
-4.71421 , 
-30.1936 , 
-192.166 , 
-15.0875 , 
-22.4544 , 
-85.8417 , 
-212.995 , 
-0.298459 , 
-5.64448 , 
-1.45123 , 
-142.556 , 
-105.564 , 
-256.29 , 
-320.442 , 
-37.2908 , 
-76.9329 , 
-13.666 , 
-146.218 , 
-331.856 , 
-33.1472 , 
-69.261 , 
-50.6607 , 
-295.243 , 
-29.6621 , 
-57.2756 , 
-39.5991 , 
-170.615 , 
-30.1537 , 
-117.586 , 
-30.2949 , 
-48.2156 , 
-25.9575 , 
-44.9496 , 
-117.698 , 
-38.5935 , 
-77.8805 , 
-28.8579 , 
-69.1817 , 
-329.271 , 
-21.3423 , 
-78.813 , 
-119.416 , 
-308.573 , 
-98.5984 , 
-282.009 , 
-20.0319 , 
-31.0168 , 
-121.001 , 
-279.268 , 
-297.857 , 
-23.4212 , 
-36.7634 , 
-17.0469 , 
-207.142 , 
-17.9022 , 
-38.0246 , 
-293.78 , 
-41.3625 , 
-69.8192 , 
-46.8555 , 
-108.885 , 
-19.7207 , 
-30.4111 , 
-62.6309 , 
-46.4149 , 
-32.5243 , 
-303.562 , 
-312.378 , 
-48.1541 , 
-42.9457 , 
-140.161 , 
-307.498 , 
-297.071 , 
-112.307 , 
-17.0779 , 
-26.9253 , 
-15.8879 , 
-67.9941 , 
-116.808 , 
-51.916 , 
-67.406 , 
-50.2699 , 
-259.274 , 
-86.1979 , 
-38.3513 , 
-15.1083 , 
-295.612 , 
-24.8509 , 
-149.507 , 
-19.6853 , 
-18.9359 , 
-222.597 , 
-117.254 , 
-152.475 , 
-25.263 , 
-15.2046 , 
-101.205 , 
-163.941 , 
-38.0118 , 
-56.9299 , 
-85.0163 , 
-193.664 , 
-114.087 , 
-59.2561 , 
-14.7554 , 
-43.5522 , 
-18.1382 , 
-263.687 , 
-88.7583 , 
-150.792 , 
-16.3496 , 
-150.512 , 
-70.4698 , 
-31.1856 , 
-16.0512 , 
-172.47 , 
-19.1694 , 
-180.62 , 
-85.4656 , 
-91.3656 , 
-294.912 , 
-148.85 , 
-231.499 , 
-16.9958 , 
-229.198 , 
-54.6058 , 
-330.803 , 
-18.3788 , 
-17.1034 , 
-171.259 , 
-82.9401 , 
-116.577 , 
-146.001 , 
-41.805 , 
-121.128 , 
-186.185 , 
-15.8908 , 
-108.301 , 
-52.355 , 
-44.7153 , 
-33.8426 , 
-29.6299 , 
-131.811 , 
-319.724 , 
-19.3746 , 
-302.783 , 
-62.2278 , 
-434.455 , 
-17.523 , 
-104.375 , 
-36.9194 , 
-13.1299 , 
-234.21 , 
-95.1229 , 
-18.6296 , 
-17.7643 , 
-171.314 , 
-220.529 , 
-14.8496 , 
-16.2601 , 
-15.6613 , 
-48.801 , 
-28.467 , 
-12.2774 , 
-38.2374 , 
-21.5955 , 
-57.6866 , 
-14.597 , 
-14.5575 , 
-256.524 , 
-102.513 , 
-38.4245 , 
-43.6299 , 
-16.4433 , 
-14.1351 , 
-87.0271 , 
-14.6974 , 
-75.2601 , 
-173.756 , 
-196.4 , 
-226.839 , 
-21.3742 , 
-175.441 , 
-370.182 , 
-14.6738 , 
-20.5234 , 
-15.1435 , 
-185.001 , 
-88.2805 , 
-242.59 , 
-15.6042 , 
-191.127 , 
-30.724 , 
-15.6284 , 
-15.1548 , 
-18.9244 , 
-114.404 , 
-52.3735 , 
-30.9783 , 
-18.1391 , 
-150.936 , 
-21.8562 , 
-19.3101 , 
-138.274 , 
-17.2416 , 
-106.572 , 
-21.863 , 
-235.101 , 
-101.261 , 
-70.0184 , 
-68.3538 , 
-18.2461 , 
-94.4803 , 
-49.1534 , 
-15.2035 , 
-13.415 , 
-31.8691 , 
-113.94 , 
-22.2782 , 
-67.9896 , 
-282.91 , 
-47.4986 , 
-92.6772 , 
-50.9652 , 
-14.8877 , 
-193.668 , 
-31.8211 , 
-243.782 , 
-16.8388 , 
-21.1387 , 
-15.381 , 
-152.289 , 
-201.329 , 
-72.5682 , 
-83.0216 , 
-15.0559 , 
-158.762 , 
-76.1144 , 
-84.3638 , 
-86.6727 , 
-342.254 , 
-171.628 , 
-14.583 , 
-120.016 , 
-55.7448 , 
-32.3986 , 
-24.6105 , 
-32.9479 , 
-170.936 , 
-67.2994 , 
-248.905 , 
-15.3774 , 
-28.1128 , 
-148.318 , 
-247.003 , 
-14.9689 , 
-91.2193 , 
-14.795 , 
-83.4612 , 
-184.83 , 
-153.678 , 
-18.0783 , 
-336.359 , 
-286.693 , 
-15.9844 , 
-14.1495 , 
-21.4006 , 
-151.818 , 
-16.6109 , 
-94.5221 , 
-54.129 , 
-299.812 , 
-332.129 , 
-31.1767 , 
-299.082 , 
-18.8141 , 
-19.3015 , 
-59.1874 , 
-16.8296 , 
-27.2113 , 
-303.801 , 
-84.4888 , 
-276.534 , 
-28.6614 , 
-51.2431 , 
-108.133 , 
-15.4061 , 
-16.7302 , 
-98.5417 , 
-234.277 , 
-54.1717 , 
-18.2118 , 
-143.013 , 
-411.593 , 
-16.6894 , 
-17.3221 , 
-18.094 , 
-53.8655 , 
-56.3407 , 
-30.5508 , 
-204.745 , 
-21.1398 , 
-17.3446 , 
-103.088 , 
-211.637 , 
-10.4418 , 
-102.549 , 
-172.367 , 
-266.761 , 
-26.4517 , 
-18.8051 , 
-102.861 , 
-285.385 , 
-62.95 , 
-71.4466 , 
-188.31 , 
-42.6356 , 
-123.602 , 
-335.18 , 
-303.401 , 
-26.3199 , 
-94.8565 , 
-51.2749 , 
-53.2216 , 
-373.094 , 
-15.0254 , 
-17.2524 , 
-256.042 , 
-18.5076 , 
-123.139 , 
-205.771 , 
-76.3144 , 
-17.6021 , 
-88.5888 , 
-14.3146 , 
-16.1094 , 
-322.42 , 
-50.3839 , 
-187.713 , 
-37.3683 , 
-13.8549 , 
-13.62 , 
-75.9227 , 
-96.1365 , 
-108.145 , 
-214.443 , 
-232.601 , 
-242.64 , 
-143.509 , 
-156.771 , 
-112.941 , 
-14.2841 , 
-15.7619 , 
-194.74 , 
-59.7669 , 
-246.636 , 
-351.027 , 
-160.195 , 
-132.301 , 
-17.0883 , 
-18.7966 , 
-24.7558 , 
-186.456 , 
-23.7318 , 
-112.245 , 
-56.2842 , 
-25.2705 , 
-16.1682 , 
-277.202 , 
-13.8014 , 
-88.6145 , 
-18.1602 , 
-14.6635 , 
-14.8769 , 
-17.2029 , 
-52.6413 , 
-17.1737 , 
-61.4046 , 
-73.9793 , 
-18.1895 , 
-209.487 , 
-15.817 , 
-85.7588 , 
-68.3816 , 
-19.1043 , 
-206.896 , 
-159.308 , 
-17.3632 , 
-121.536 , 
-123.415 , 
-36.9566 , 
-69.644 , 
-16.8761 , 
-293.858 , 
-14.3318 , 
-60.4214 , 
-154.405 , 
-132.002 , 
-326.809 , 
-28.2528 , 
-136.898 , 
-168.128 , 
-55.8319 , 
-18.93 , 
-51.5988 , 
-22.6075 , 
-205.956 , 
-60.7403 , 
-66.2542 , 
-33.2727 , 
-22.0928 , 
-15.5062 , 
-18.429 , 
-50.1197 , 
-16.7331 , 
-135.288 , 
-131.739 , 
-65.7531 , 
-15.0205 , 
-285.928 , 
-217.08 , 
-207.526 , 
-332.517 , 
-19.8836 , 
-259.8 , 
-36.3879 , 
-17.9512 , 
-16.2346 , 
-322.953 , 
-100.357 , 
-17.4071 , 
-14.4672 , 
-83.0526 , 
-42.9464 , 
-311.956 , 
-450.834 , 
-204.4 , 
-197.844 , 
-81.0035 , 
-29.2925 , 
-208.957 , 
-42.7553 , 
-17.0399 , 
-14.6232 , 
-94.0833 , 
-30.7619 , 
-16.4716 , 
-14.161 , 
-31.2138 , 
-71.6219 , 
-24.5721 , 
-19.0988 , 
-14.2871 , 
-53.8913 , 
-148.346 , 
-213.407 , 
-89.1143 , 
-226.866 , 
-224.007 , 
-170.79 , 
-23.9404 , 
-29.3447 , 
-13.0991 , 
-75.5661 , 
-60.7224 , 
-275.533 , 
-42.0916 , 
-18.337 , 
-93.08 , 
-80.3962 , 
-43.8911 , 
-310.749 , 
-126.138 , 
-67.5229 , 
-139.136 , 
-97.3669 , 
-250.388 , 
-112.714 , 
-68.3731 , 
-17.7823 , 
-379.415 , 
-166.534 , 
-44.7052 , 
-60.6915 , 
-18.9441 , 
-16.9985 , 
-235.23 , 
-15.2731 , 
-111.51 , 
-16.7884 , 
-91.6709 , 
-17.5533 , 
-14.2226 , 
-48.0543 , 
-15.8513 , 
-284.627 , 
-75.2741 , 
-34.9417 , 
-91.7375 , 
-64.8785 , 
-14.2154 , 
-80.3805 , 
-71.0116 , 
-16.5353 , 
-322.381 , 
-65.9717 , 
-208.794 , 
-169.03 , 
-353.497 , 
-312.356 , 
-364.869 , 
-23.6313 , 
-60.7979 , 
-69.4182 , 
-14.3795 , 
-151.904 , 
-16.5305 , 
-114.051 , 
-17.6179 , 
-15.8095 , 
-20.3362 , 
-34.8003 , 
-67.8806 , 
-195.246 , 
-132.951 , 
-86.2645 , 
-16.9327 , 
-211.309 , 
-250.007 , 
-15.1179 , 
-51.5059 , 
-17.0353 , 
-14.8054 , 
-14.4908 , 
-39.1953 , 
-39.6153 , 
-179.289 , 
-118.423 , 
-39.2728 , 
-122.263 , 
-30.4848 , 
-89.6202 , 
-49.0172 , 
-18.9074 , 
-285.454 , 
-37.8059 , 
-12.5496 , 
-247.734 , 
-132.906 , 
-296.127 , 
-17.5009 , 
-66.2603 , 
-273.723 , 
-44.6113 , 
-261.089 , 
-19.3077 , 
-323.032 , 
-75.4127 , 
-315.278 , 
-311.558 , 
-13.9841 , 
-219.403 , 
-388.759 , 
-94.9507 , 
-216.929 , 
-83.883 , 
-208.907 , 
-123.295 , 
-344.619 , 
-238.229 , 
-57.1028 , 
-112.159 , 
-15.4575 , 
-16.821 , 
-87.6961 , 
-164.947 , 
-15.2147 , 
-100.705 , 
-58.5563 , 
-193.938 , 
-22.7674 , 
-271.74 , 
-166.967 , 
-78.506 , 
-264.283 , 
-14.0856 , 
-316.077 , 
-176.239 , 
-79.3532 , 
-76.5399 , 
-71.1511 , 
-18.3487 , 
-35.7772 , 
-253.958 , 
-77.4917 , 
