-32 : 0 , 0 , 0 , 0 , 0 , 0 , 0 , 0 , 0 , 0 , 0 , 0 , 0 , 0 , 0 , 0 , 0 , 0 , 
-31 : 0 , 0 , 0 , 0 , 0 , 0 , 0 , 0 , 0 , 0 , 0 , 0 , 0 , 0 , 0 , 0 , 0 , 0 , 
-22 : 0 , 0 , 0 , 0 , 0 , 0 , 0 , 0 , 0 , 0 , 0 , 0 , 0 , 0 , 0 , 0 , 0 , 0 , 
-21 : 0 , 0 , 0 , 0 , 0 , 0 , 0 , 0 , 0 , 0 , 0 , 0 , 0 , 0 , 0 , 0 , 0 , 0 , 
-12 : 0 , 0.00440733 , 0.0241529 , 0.0661079 , 0.065409 , -0.0688574 , -0.249331 , -0.197279 , 0.211837 , 0.753918 , 0.998582 , 0.816283 , 0.284654 , -0.399736 , -0.967979 , -1.14337 , -0.840786 , -0.169203 , 
-11 : 0 , -0.00517739 , -0.00705844 , 0.0310956 , 0.143419 , 0.289188 , 0.413377 , 0.641746 , 0.797239 , 0.54804 , -0.0405769 , -0.651815 , -1.04352 , -1.04094 , -0.603536 , 0.114544 , 0.760453 , 1.06787 , 0.908805 , 
101 : 0 , -0.00679926 , -0.0251631 , -0.0730561 , -0.15763 , -0.297273 , -0.482749 , -0.671384 , -0.824903 , -0.932062 , -0.999406 , -1.0446 , -1.08165 , -1.11505 , -1.14072 , -1.14909 , -1.13367 , -1.08119 , -0.980408 , 
102 : 4.37333 , 4.33456 , 4.24498 , 4.06383 , 3.82773 , 3.52224 , 3.16516 , 2.80453 , 2.48679 , 2.23269 , 2.04639 , 1.92507 , 1.86691 , 1.87193 , 1.94089 , 2.07496 , 2.27376 , 2.53845 , 2.86603 , 
103 : 0 , -0.13008 , -0.289824 , -0.6072 , -1.10728 , -1.68186 , -1.95663 , -1.73812 , -1.31537 , -0.848348 , -0.522777 , -0.398162 , -0.351544 , -0.315805 , -0.186928 , 0.0391357 , 0.291703 , 0.775221 , 1.21446 , 
104 : 0 , -0.705228 , -1.28647 , -2.01046 , -2.7137 , -3.37535 , -3.68433 , -3.43983 , -2.88188 , -2.19936 , -1.53018 , -0.896961 , -0.266303 , 0.36665 , 1.01328 , 1.67064 , 2.30607 , 2.98445 , 3.52615 , 
105 : 1.19209e-07 , 2.38419e-07 , 2.38419e-07 , -0.574899 , -0.574899 , 3.57628e-07 , 4.76837e-07 , -0.574899 , 5.96046e-07 , 5.96046e-07 , -0.701099 , -0.701099 , -0.574899 , 3.57628e-07 , 0.0579007 , -0.893198 , 3.57628e-07 , -0.283899 , 2.38419e-07 , 
