-2748.65 , 
-3705.85 , 
-2947.1 , 
-2586.22 , 
-2247.06 , 
-2423.19 , 
-3127.8 , 
-2872.92 , 
-2561.17 , 
-4021.68 , 
-3503.55 , 
-4123.92 , 
-3554.12 , 
-3098.1 , 
-2043.87 , 
-3410.1 , 
-3395.17 , 
-2167.86 , 
-3245.96 , 
-3879.75 , 
-2323.39 , 
-3405.05 , 
-2855.84 , 
-3616.03 , 
-2142.41 , 
-2387.56 , 
-4530.39 , 
-3586.09 , 
-4129.89 , 
-2584.92 , 
-2247.95 , 
-2114.03 , 
-3695.1 , 
-3951.93 , 
-2511.29 , 
-2346.51 , 
-2529.32 , 
-2223.94 , 
-2545.26 , 
-4187.82 , 
-4277.92 , 
-2588.31 , 
-2485.7 , 
-3717.75 , 
-2373.55 , 
-2141.41 , 
-4550.2 , 
-2782.23 , 
-3167.98 , 
-2111.78 , 
-3463.51 , 
-2740.64 , 
-2504.05 , 
-2126.43 , 
-2789.02 , 
-2817.97 , 
-2961.92 , 
-3769.45 , 
-4083.45 , 
-3731.73 , 
-4473.01 , 
-1912.49 , 
-3095.43 , 
-4371.98 , 
-3543.01 , 
-2158.69 , 
