-6.40795 , 
-1.35994 , 
-3.48633 , 
-3.69158 , 
-4.79315 , 
-5.92673 , 
-3.88509 , 
-5.48602 , 
-4.11496 , 
-4.23617 , 
-5.76718 , 
-4.8547 , 
0.561206 , 
-10.763 , 
-5.25904 , 
-6.64408 , 
-2.90124 , 
1.86419 , 
-4.57813 , 
-1.80815 , 
-4.80867 , 
-1.89278 , 
-19.4225 , 
-5.53572 , 
-5.16271 , 
-5.10772 , 
-0.543178 , 
-3.84141 , 
-3.56586 , 
-5.87046 , 
-1.66775 , 
-4.99324 , 
-4.41215 , 
-3.91794 , 
-4.20649 , 
-0.941478 , 
-4.44732 , 
-512.76 , 
-5.25784 , 
-6.07881 , 
-1.35996 , 
-3.85496 , 
-1.49898 , 
-5.72934 , 
-5.11127 , 
-0.750123 , 
-3.95989 , 
-5.94872 , 
-9.78981 , 
-4.54785 , 
-5.64082 , 
0.384916 , 
-7.89011 , 
-2.164 , 
-5.85478 , 
-2.70243 , 
-5.65431 , 
0.98388 , 
-3.80783 , 
-4.45678 , 
-6.71425 , 
-3.55916 , 
0.69577 , 
-27.6323 , 
2.05488 , 
-6.04007 , 
-5.4763 , 
-4.42673 , 
-1.6737 , 
-3.93102 , 
-4.82006 , 
