-32 : 0 , 0 , 0 , 0 , 0 , 0 , 0 , 0 , 0 , 0 , 0 , 0 , 0 , 0 , 0 , 0 , 0 , 0 , 
-31 : 0 , 0 , 0 , 0 , 0 , 0 , 0 , 0 , 0 , 0 , 0 , 0 , 0 , 0 , 0 , 0 , 0 , 0 , 
-22 : 0 , 0 , 0 , 0 , 0 , 0 , 0 , 0 , 0 , 0 , 0 , 0 , 0 , 0 , 0 , 0 , 0 , 0 , 
-21 : 0 , 0 , 0 , 0 , 0 , 0 , 0 , 0 , 0 , 0 , 0 , 0 , 0 , 0 , 0 , 0 , 0 , 0 , 
-12 : 0 , -0.000727954 , -0.0045942 , -0.018652 , -0.0470057 , -0.0931467 , -0.15739 , -0.218619 , -0.227129 , -0.130056 , 0.0800829 , 0.311224 , 0.30974 , 0.0317489 , -0.0360419 , -0.409114 , -0.470322 , -0.173374 , 
-11 : 0 , -0.00437635 , -0.0142274 , -0.0322713 , -0.0493087 , -0.0560268 , -0.0296216 , 0.0563501 , 0.196241 , 0.345948 , 0.407069 , 0.264958 , -0.0596088 , -0.0946288 , 0.1996 , 0.165852 , -0.295049 , -0.547719 , -0.518002 , 
101 : 0 , -0.00443648 , -0.0149508 , -0.0372737 , -0.0681241 , -0.108698 , -0.160153 , -0.225765 , -0.300163 , -0.369587 , -0.414872 , -0.408734 , -0.315423 , -0.0998128 , 0.202828 , 0.441453 , 0.555209 , 0.574504 , 0.536404 , 
102 : 0.152285 , 0.161269 , 0.182612 , 0.228221 , 0.292081 , 0.381101 , 0.501284 , 0.661269 , 0.866255 , 1.11919 , 1.42444 , 1.79021 , 2.23339 , 2.77743 , 3.3944 , 3.95755 , 4.41771 , 4.79616 , 5.11177 , 
103 : 0 , -0.081345 , -0.153574 , -0.255239 , -0.364619 , -0.449228 , -0.578707 , -0.724432 , -0.744491 , -0.612087 , -0.248275 , 0.431052 , 1.50289 , 2.77929 , 2.95022 , 1.74132 , 0.597916 , -0.149294 , -0.564762 , 
104 : 0 , 0.164829 , 0.312341 , 0.524067 , 0.761491 , 1.02928 , 1.38477 , 1.82306 , 2.28337 , 2.782 , 3.33584 , 4.00712 , 4.90251 , 5.95948 , 6.10454 , 5.09754 , 4.15211 , 3.44815 , 2.87889 , 
105 : 1.199e-07 , 4.79458e-07 , 9.5662e-07 , 1.50415e-06 , 0.284898 , -1.45979e-06 , -0.3353 , 5.66773e-07 , 1.75887e-06 , 3.07017e-06 , 4.50068e-06 , 6.0504e-06 , 7.71933e-06 , 9.50747e-06 , 1.14148e-05 , 1.34414e-05 , 1.55871e-05 , 1.78521e-05 , 2.02363e-05 , 
