40.6816 , 
13.7126 , 
109.371 , 
29.5029 , 
13.935 , 
14.9125 , 
30.3145 , 
69.1564 , 
35.8985 , 
193.266 , 
40.5893 , 
19.4657 , 
54.6277 , 
17.7124 , 
51.5593 , 
193.243 , 
58.1167 , 
22.3629 , 
120.664 , 
35.9821 , 
59.0896 , 
25.202 , 
21.3493 , 
197.697 , 
189.685 , 
23.8506 , 
12.2872 , 
21.2522 , 
21.2415 , 
24.9584 , 
40.6458 , 
12.1592 , 
22.3287 , 
184.33 , 
28.589 , 
15.7554 , 
65.4497 , 
22.0438 , 
11.4184 , 
12.2665 , 
12.8749 , 
18.5686 , 
149.414 , 
48.0033 , 
15.732 , 
13.8568 , 
13.1968 , 
16.3205 , 
198.206 , 
11.0347 , 
198.78 , 
15.8168 , 
35.7878 , 
13.7984 , 
196.759 , 
30.8135 , 
21.4009 , 
29.4279 , 
17.6867 , 
23.97 , 
74.6367 , 
12.1758 , 
15.6298 , 
13.8397 , 
18.3776 , 
44.2622 , 
88.1881 , 
26.014 , 
58.1023 , 
35.0884 , 
54.4385 , 
13.8941 , 
22.9816 , 
27.7503 , 
14.887 , 
37.96 , 
14.0322 , 
11.2444 , 
46.7303 , 
31.6198 , 
18.3876 , 
14.7822 , 
16.6403 , 
51.7394 , 
20.4175 , 
192.142 , 
163.816 , 
70.0635 , 
18.4826 , 
16.7553 , 
34.2427 , 
18.484 , 
29.6815 , 
52.0024 , 
17.6464 , 
21.2316 , 
77.4844 , 
39.5709 , 
180.82 , 
39.8282 , 
40.6558 , 
46.0005 , 
29.4387 , 
43.5684 , 
34.9344 , 
59.8775 , 
17.4818 , 
39.9091 , 
195.431 , 
38.9345 , 
13.6371 , 
23.3765 , 
33.0837 , 
195.74 , 
51.8239 , 
23.2861 , 
51.8158 , 
16.7974 , 
14.9642 , 
36.3666 , 
24.0209 , 
32.5569 , 
189.458 , 
187.735 , 
75.6551 , 
111.423 , 
12.2735 , 
