13.5329 , 
15.1757 , 
1.22256 , 
0.967841 , 
1.6021 , 
1.1311 , 
1.08765 , 
1.12336 , 
1.15937 , 
1.20208 , 
1.2045 , 
1.39545 , 
1.42731 , 
1.28853 , 
1.08201 , 
1.22498 , 
0.974772 , 
1.35097 , 
1.16202 , 
1.21041 , 
1.4736 , 
1.07538 , 
1.12717 , 
1.15245 , 
2.08988 , 
1.07556 , 
1.2055 , 
1.11854 , 
1.29346 , 
1.03747 , 
1.49462 , 
1.67322 , 
1.66911 , 
1.16741 , 
1.07105 , 
1.38381 , 
1.49128 , 
1.12482 , 
1.06404 , 
1.5504 , 
2.6185 , 
1.06543 , 
1.49285 , 
1.02311 , 
1.25702 , 
1.26533 , 
1.0401 , 
1.09193 , 
1.06024 , 
1.43663 , 
1.18055 , 
1.13153 , 
1.72796 , 
1.00897 , 
1.20827 , 
1.44366 , 
1.31498 , 
1.25298 , 
1.25837 , 
0.974001 , 
1.05073 , 
1.68047 , 
1.05577 , 
1.11137 , 
1.52749 , 
1.66184 , 
1.69118 , 
1.05773 , 
1.3923 , 
1.07268 , 
1.46599 , 
1.39985 , 
1.32921 , 
1.00388 , 
1.23904 , 
1.31823 , 
1.32355 , 
1.3586 , 
1.48693 , 
0.981753 , 
1.19807 , 
1.04582 , 
2.57003 , 
1.29715 , 
1.52959 , 
0.972685 , 
1.00019 , 
1.37884 , 
1.90517 , 
1.12198 , 
1.23012 , 
1.05658 , 
1.42318 , 
1.12017 , 
1.25367 , 
1.08727 , 
0.970436 , 
1.04758 , 
1.02884 , 
1.60525 , 
