-21100 , 
-4.21013e+06 , 
-271032 , 
-74569.8 , 
-77141.7 , 
-397573 , 
-12396.8 , 
-382722 , 
-55226.1 , 
-12916.3 , 
-179320 , 
-103596 , 
-134664 , 
-6847.54 , 
-8834.85 , 
-380694 , 
-5764.68 , 
-714.101 , 
-675.976 , 
-478578 , 
-13058.1 , 
-9648.34 , 
-128207 , 
-154536 , 
-319524 , 
-31598.9 , 
-708802 , 
-410.692 , 
-7901.19 , 
-937070 , 
-234.052 , 
-117.191 , 
-320923 , 
-145834 , 
-997815 , 
-50529 , 
-199860 , 
-82.1759 , 
-15530.7 , 
-1646.93 , 
-94.2999 , 
-895.952 , 
-175.664 , 
-20614.8 , 
-44091 , 
-321419 , 
-111281 , 
-361936 , 
-10.2521 , 
-1840.14 , 
-76547.2 , 
-20614 , 
-242053 , 
-250811 , 
-1.5775e+06 , 
-6679.8 , 
-59.7037 , 
-122.222 , 
-570.408 , 
-43.5041 , 
-21.8516 , 
-234810 , 
-965157 , 
-180206 , 
-151324 , 
-10615.2 , 
-530880 , 
-90375.8 , 
-2.23815e+06 , 
-2930.24 , 
-239532 , 
-302622 , 
-17.0496 , 
-322160 , 
-71995.1 , 
-33.3081 , 
-23129.4 , 
-30735.6 , 
-1508.54 , 
-1.01511e+06 , 
-7021.04 , 
-710864 , 
-2311.64 , 
-38.1948 , 
-332960 , 
-273614 , 
-148.262 , 
-4762.59 , 
-796701 , 
-337.922 , 
-130733 , 
-754777 , 
-290.664 , 
-12919.8 , 
-8193.63 , 
-232.943 , 
-87426.8 , 
-14474.7 , 
-52104 , 
-42.5384 , 
-64794.6 , 
-403.45 , 
-96.0253 , 
-86754.6 , 
-278.097 , 
-80799 , 
-160136 , 
-132.572 , 
-2.16228e+06 , 
-291.594 , 
-94641.7 , 
-84986.8 , 
-354425 , 
-247.876 , 
-247772 , 
-84800.5 , 
-69.8412 , 
-11154.9 , 
-223.265 , 
-106507 , 
-11892.2 , 
-7162.61 , 
-78.8775 , 
-1860.97 , 
-1.1898e+06 , 
-29326.9 , 
-11281.4 , 
-316.561 , 
-18266.4 , 
-69920 , 
-4319.25 , 
-564.597 , 
-496435 , 
-109276 , 
-11110.3 , 
-396800 , 
-68515.7 , 
-1132.57 , 
-3525.49 , 
-163383 , 
-751345 , 
-8606.8 , 
-5388.7 , 
-539916 , 
-511086 , 
-9406.29 , 
-1239.42 , 
-8520.56 , 
-115783 , 
-471352 , 
-232233 , 
-73295 , 
-2803.54 , 
-124455 , 
-77369.4 , 
-477223 , 
-15208 , 
-41465.7 , 
-7818 , 
-135152 , 
-19.7353 , 
-40262.1 , 
-841791 , 
-182947 , 
-49157.9 , 
-129.258 , 
-2.2088e+06 , 
-90729.1 , 
-3789.84 , 
-18939 , 
-229.045 , 
-234.489 , 
-191103 , 
-467370 , 
-8577.23 , 
-33062 , 
-1.09117e+06 , 
-278.854 , 
-904552 , 
-183.805 , 
-284.122 , 
-6470.89 , 
-6362.08 , 
-50064.9 , 
-104068 , 
-329.043 , 
-1745.37 , 
-186647 , 
-16080.1 , 
-720.047 , 
-376.371 , 
-491567 , 
-18799.4 , 
-32173.8 , 
-1.26027e+06 , 
-100832 , 
-172.76 , 
-47057.7 , 
-1617.18 , 
-194.723 , 
-372276 , 
-35046.6 , 
-4665.89 , 
-62909.7 , 
-43540.7 , 
-195.73 , 
-16606.6 , 
-11181.1 , 
-50228.4 , 
-364.068 , 
-317720 , 
-838480 , 
-270.542 , 
-35682.5 , 
-228.186 , 
-734.549 , 
-329.523 , 
-215.682 , 
-50312.5 , 
-14125 , 
-2.69238e+06 , 
-806816 , 
-131.614 , 
-74002.1 , 
-1.66564e+06 , 
-225401 , 
-243204 , 
-1672.89 , 
-10286.2 , 
-579.97 , 
-28666.8 , 
-25661 , 
-196.626 , 
-65878.4 , 
-91552.1 , 
-2.36454e+06 , 
-443061 , 
-1.01862e+06 , 
-198700 , 
-203990 , 
-768737 , 
-455056 , 
-2.07833e+06 , 
-6210.26 , 
-740072 , 
-221401 , 
-131.302 , 
-14221.2 , 
-92540.1 , 
-23267.1 , 
-338665 , 
-107479 , 
-314521 , 
-372.555 , 
-12661.6 , 
-9303.28 , 
-4105.04 , 
-1826.46 , 
-3.81802e+06 , 
-12167.7 , 
-224.457 , 
-455.659 , 
-28956.3 , 
-6992.8 , 
-58071 , 
-208.447 , 
-650178 , 
-89387.5 , 
-134620 , 
-2.20475e+06 , 
-109335 , 
-51612 , 
-409625 , 
-91887.2 , 
-269.25 , 
-6103.9 , 
-453.566 , 
-11305.5 , 
-319.993 , 
-511953 , 
-849752 , 
-143.814 , 
-1.16978e+06 , 
-96527.9 , 
-102692 , 
-222.38 , 
-1.26479e+06 , 
-318.024 , 
-290.643 , 
-227.641 , 
-31676.8 , 
-898927 , 
-390578 , 
-224435 , 
-430.043 , 
-5.60739e+06 , 
-871058 , 
-792783 , 
-336.366 , 
-76910.8 , 
-265.606 , 
-67408.6 , 
-14227.2 , 
-291155 , 
-12531.8 , 
-855.294 , 
-254121 , 
-394486 , 
-186846 , 
-61090.4 , 
-17353 , 
-149650 , 
-483.461 , 
-11569.2 , 
-30270 , 
-197207 , 
-158.791 , 
-53.3012 , 
-1.43964e+06 , 
-63105.1 , 
-1.63346e+06 , 
-52.1455 , 
-24449.6 , 
-232.922 , 
-303.557 , 
-595342 , 
-117341 , 
-231483 , 
-277326 , 
-248.189 , 
-9122.53 , 
-28086.2 , 
-54831.5 , 
-19654.8 , 
-234.056 , 
-3548.43 , 
-258.067 , 
-25982.1 , 
-9263.92 , 
-11163.7 , 
-533994 , 
-10244 , 
-151219 , 
-15940.8 , 
-308247 , 
-298642 , 
-3825.79 , 
-104.999 , 
-153.505 , 
-63513.3 , 
-10742.9 , 
-166.362 , 
-51985.5 , 
-7563.58 , 
-66.2951 , 
-347.207 , 
-20000.7 , 
-60890.4 , 
-12720.7 , 
-57431.5 , 
-731.058 , 
-1.37916e+06 , 
-1.4215e+06 , 
-166.235 , 
-171266 , 
-3296.62 , 
-13984.3 , 
-1483.59 , 
-69611.9 , 
-415474 , 
-1589.6 , 
-554467 , 
-176384 , 
-599458 , 
-105645 , 
-12623.9 , 
-630963 , 
-32273.5 , 
-306.366 , 
-4867.15 , 
-4707.25 , 
-174.518 , 
-31099.9 , 
-620949 , 
-487234 , 
-524995 , 
-361.322 , 
-1249.96 , 
-229.79 , 
-3548.16 , 
-53.8642 , 
-104502 , 
-367430 , 
-7637.27 , 
-198.606 , 
-124365 , 
-479425 , 
-45556.6 , 
-343.124 , 
-1245.06 , 
-1.03104e+06 , 
-6359.41 , 
-11313.7 , 
-15165.8 , 
-20651.8 , 
-192125 , 
-64445.6 , 
-54231.9 , 
-75807 , 
-45763.2 , 
-862813 , 
-127262 , 
-101683 , 
-70578.5 , 
-4464.26 , 
-194878 , 
-47396.8 , 
-36865.5 , 
-154.859 , 
-8914.33 , 
-19711.5 , 
-12928.7 , 
-560286 , 
-88.7527 , 
-126.482 , 
-102682 , 
-535279 , 
-52.6448 , 
-34678.2 , 
-72631.1 , 
-110.275 , 
-149284 , 
-2785.73 , 
-161033 , 
-473853 , 
-1.75912e+06 , 
-650906 , 
-7968.39 , 
-37693.3 , 
-81982.9 , 
-272972 , 
-3616.21 , 
-1.01738e+06 , 
-148878 , 
-96.2644 , 
-18189.3 , 
-57035.4 , 
-175.609 , 
-43166.9 , 
-216.707 , 
-97.0084 , 
-308283 , 
-34515.3 , 
-187.082 , 
-320906 , 
-654.979 , 
-536377 , 
-78.9507 , 
-22373.5 , 
-158087 , 
-127.932 , 
-155124 , 
-77.4071 , 
-11264.3 , 
-2349.59 , 
-9989.2 , 
-886428 , 
-80168.2 , 
-10817.1 , 
-253.079 , 
-785350 , 
-169656 , 
-127.093 , 
-241.189 , 
-168.224 , 
-45091.9 , 
-327157 , 
-4.72286e+06 , 
-223.959 , 
-1.35407e+06 , 
-206778 , 
-52326.4 , 
-3614.63 , 
-8134.46 , 
-234.865 , 
-89027.5 , 
-1.35979e+06 , 
-607154 , 
-101293 , 
-32946.4 , 
-119.591 , 
-35172.4 , 
-726903 , 
-237239 , 
-204.852 , 
-30176.9 , 
-29047.2 , 
-14.0137 , 
-253014 , 
-4219.76 , 
-266373 , 
-207.015 , 
-27589.1 , 
-3072.01 , 
-61.2565 , 
-171.161 , 
-19937.1 , 
-60.3418 , 
-197954 , 
-366899 , 
-52438.9 , 
-31.0015 , 
-92624.5 , 
-3102.28 , 
-805385 , 
-54785 , 
-287775 , 
-2889.51 , 
-2540.95 , 
-49675.1 , 
-189883 , 
-18487 , 
-86692.4 , 
-161361 , 
-4.08186e+06 , 
-236570 , 
-952.954 , 
-691141 , 
-4247.89 , 
-8814.72 , 
-9242.21 , 
-15371.3 , 
-101566 , 
-1055.36 , 
-971051 , 
-16957.7 , 
-230.422 , 
-7073.71 , 
-53767.9 , 
-138690 , 
-258866 , 
-1.42596e+06 , 
-3223.34 , 
-116525 , 
-1.4956e+06 , 
-803033 , 
-51.1698 , 
-4.20105e+06 , 
-127919 , 
-4133.18 , 
-49.6719 , 
-965.545 , 
-120255 , 
-1.41239e+06 , 
-496674 , 
-156022 , 
-1014.58 , 
-86.2437 , 
-1882.56 , 
-297.243 , 
-339633 , 
-63961.6 , 
-270567 , 
-59.0117 , 
-1.8592e+06 , 
-353.009 , 
-19021.8 , 
-47158.9 , 
-57.3792 , 
-43183.3 , 
-439085 , 
-198420 , 
-200312 , 
-160.88 , 
-106938 , 
-830.675 , 
-32445.1 , 
-110360 , 
-172181 , 
-7143.04 , 
-70333.8 , 
-517843 , 
-11945.8 , 
-150.947 , 
-104662 , 
-21303.1 , 
-22008.6 , 
-575636 , 
-70.573 , 
-111.513 , 
-33882.4 , 
-72926.9 , 
-186.255 , 
-35829.7 , 
-1.13418e+06 , 
-9468.93 , 
-3341.93 , 
-302.256 , 
-94312.5 , 
-213597 , 
-315871 , 
-201643 , 
-5441.54 , 
-205007 , 
-242.373 , 
-855.951 , 
-32048.2 , 
-11541.2 , 
-48193.2 , 
-79869.6 , 
-728858 , 
-28819 , 
-132567 , 
-95359.9 , 
-1.478e+06 , 
-10950.2 , 
-5567.26 , 
-3534.74 , 
-249.86 , 
-539787 , 
-122524 , 
-1678.35 , 
-290.51 , 
-39756.9 , 
-2.88151e+06 , 
-21438.5 , 
-906876 , 
-60.6654 , 
-129.002 , 
-184862 , 
-75525 , 
-1.38563e+06 , 
-2370.41 , 
-2894.37 , 
-153.79 , 
-30946.5 , 
-86494.1 , 
-98459.8 , 
-69701.6 , 
-80033.4 , 
-198361 , 
-87073.1 , 
-2.62274e+06 , 
-3.08387e+06 , 
-1.252e+06 , 
-538989 , 
-18603.3 , 
-99.4876 , 
-865.296 , 
-13351.7 , 
-151.195 , 
-330036 , 
-576628 , 
-18782.8 , 
-380335 , 
-566743 , 
-99902.2 , 
-165002 , 
-294.415 , 
-436098 , 
-35218 , 
-12174.4 , 
-75866.6 , 
-280075 , 
-200.857 , 
-99945 , 
-64463.1 , 
-2880.33 , 
-4185.49 , 
-562556 , 
-473606 , 
-344.353 , 
-58986.1 , 
-373319 , 
-13096.7 , 
-51.7078 , 
-265284 , 
-179689 , 
-84.7679 , 
-9323.38 , 
-129501 , 
-7440.51 , 
-740315 , 
-93614.7 , 
-437.111 , 
-487629 , 
-7611.36 , 
-12277.7 , 
-65585.8 , 
-1170.71 , 
-281.935 , 
-30347.1 , 
-147482 , 
-3710.4 , 
-2797.38 , 
-4468.76 , 
-51528.9 , 
-16693.3 , 
-275460 , 
-74.184 , 
-881.806 , 
-170011 , 
-58571 , 
-142549 , 
-1.31941e+06 , 
-147.642 , 
-138.697 , 
-26230.5 , 
-381140 , 
-169258 , 
-93880.5 , 
-538.639 , 
-454.916 , 
-361585 , 
-322.692 , 
-12472.9 , 
-123.144 , 
-158577 , 
-40027.2 , 
-22909.2 , 
-39.9868 , 
-4863.39 , 
-2.72496e+06 , 
-502341 , 
-2020.18 , 
-103014 , 
-154542 , 
-374634 , 
-97.5707 , 
-59260.9 , 
-1634.32 , 
-2538.28 , 
-103395 , 
-589291 , 
-122.465 , 
-163.194 , 
-207.901 , 
-202.596 , 
-66959.2 , 
-212.766 , 
-1063.18 , 
-1253.78 , 
-30.4678 , 
-3707.88 , 
-215.06 , 
-89.376 , 
-451160 , 
-1680.27 , 
-70566.7 , 
-11375 , 
-72589.8 , 
-152.887 , 
-74.6117 , 
-153.772 , 
-73169.2 , 
-3103.82 , 
-17292.1 , 
-411502 , 
-130021 , 
-41513.3 , 
-71.9209 , 
-849826 , 
-11980 , 
-9.71646e+06 , 
-253666 , 
-557770 , 
-125.894 , 
-806255 , 
-14568.3 , 
-30100.6 , 
-181560 , 
-85956.1 , 
-103391 , 
-107.832 , 
-2937.32 , 
-2.56534e+06 , 
-792.125 , 
-60.9505 , 
-30519.8 , 
-28596 , 
-81.6294 , 
-304574 , 
-16220.4 , 
-216295 , 
-255562 , 
-98.7804 , 
-573594 , 
-63.2476 , 
-45.5833 , 
-33967.6 , 
-340978 , 
-1608.28 , 
-20285.5 , 
-466086 , 
-268851 , 
-36182.6 , 
-167332 , 
-188626 , 
-27647.6 , 
-401632 , 
-1.27224e+06 , 
-493179 , 
-127357 , 
-84424.1 , 
-283268 , 
-36782.8 , 
-6355.02 , 
-15556.4 , 
-61811.3 , 
-55118 , 
-101805 , 
-64002.5 , 
-85857.8 , 
-6914.88 , 
-41488 , 
-21897.5 , 
-12192.7 , 
-171746 , 
-243905 , 
-10517.3 , 
-28090.4 , 
-16312.8 , 
-41698.3 , 
-48812.2 , 
-28034.1 , 
-323401 , 
-457443 , 
-8731.2 , 
-4.34001e+06 , 
-1275.51 , 
-2.09779e+06 , 
-254185 , 
-6111.35 , 
-8264.74 , 
-38.1936 , 
-12816.9 , 
-1399.91 , 
-1563.93 , 
-238.998 , 
-148371 , 
-4589.07 , 
-92358.9 , 
-67658.9 , 
-1.2663e+06 , 
-231349 , 
-6190.37 , 
-213.016 , 
-280810 , 
-1193.03 , 
-308805 , 
-7790.06 , 
-3062.93 , 
-30148.9 , 
-37375.6 , 
-474303 , 
-1.2684e+06 , 
-15227.7 , 
-45525.5 , 
-105.227 , 
-1.0464e+06 , 
-1.11891e+06 , 
-225057 , 
-295.626 , 
-495.79 , 
-30014.5 , 
-348451 , 
-96354.5 , 
-128.964 , 
-356685 , 
-5291.49 , 
-67632.2 , 
-50.5242 , 
-3.69122e+06 , 
-154.153 , 
-12567 , 
-57.486 , 
-161.657 , 
-594264 , 
-72462.7 , 
-311313 , 
-394536 , 
-132.231 , 
-168.089 , 
-197.205 , 
-728545 , 
-2630.13 , 
-110311 , 
-223167 , 
-1.42641e+06 , 
-118926 , 
-240155 , 
-446204 , 
-16564 , 
-14975.3 , 
-29505 , 
-443397 , 
-111.494 , 
-147811 , 
-33.2511 , 
-59.2766 , 
-685.028 , 
-36186.2 , 
-14148.3 , 
-252451 , 
-79.3325 , 
-821.568 , 
-95234.5 , 
-44495.1 , 
-47.6506 , 
-1699.36 , 
-107359 , 
-32885.8 , 
-313440 , 
-191.008 , 
-15.2792 , 
-111260 , 
-103880 , 
-1317.83 , 
-154.574 , 
-231082 , 
-20.3792 , 
-6.31205e+06 , 
-24227.9 , 
-26.8903 , 
-13406.6 , 
-396425 , 
-412386 , 
-51770.1 , 
-4.94132e+06 , 
-3411.8 , 
-13.4579 , 
-440486 , 
-98725.5 , 
-211657 , 
-839702 , 
-80697.2 , 
-2771.72 , 
-8771.78 , 
-2428.91 , 
-56991.2 , 
-10122.5 , 
-1129.71 , 
-79114.6 , 
-1.2495e+06 , 
-53229.7 , 
-4.78188e+06 , 
-165142 , 
-2022.46 , 
-61706.1 , 
-49358.4 , 
-18645.9 , 
-31306.5 , 
-651.537 , 
-2390.18 , 
-53.4204 , 
-854776 , 
-18890.5 , 
-9614.2 , 
-10295.5 , 
-16357.3 , 
-83.5145 , 
-28396.9 , 
-4397.14 , 
-855.009 , 
-1.93438e+06 , 
-367022 , 
-13185.3 , 
-866919 , 
-50.7096 , 
-105693 , 
-41.8198 , 
-155807 , 
-3.37071e+06 , 
-5782.32 , 
-23.062 , 
-721351 , 
-725099 , 
-85.2089 , 
-442291 , 
-827.515 , 
-282078 , 
-10.5863 , 
-321277 , 
-84005.7 , 
-689642 , 
-242.854 , 
-622012 , 
-266345 , 
-390.54 , 
-964.895 , 
-11.5348 , 
-12.5754 , 
-331790 , 
-260654 , 
-105653 , 
-651223 , 
-19687.6 , 
-37588.5 , 
-576920 , 
-25267 , 
-56677.2 , 
-8294.61 , 
-34075.8 , 
-9479.34 , 
-319738 , 
-3143.63 , 
-40256.1 , 
-304304 , 
-2932.25 , 
-145.062 , 
-2.12269e+06 , 
-8162.03 , 
-127.83 , 
-26.8099 , 
-305549 , 
-773796 , 
-104.276 , 
-53.5245 , 
-389573 , 
-50521.5 , 
-92108 , 
-178212 , 
-650.601 , 
-11127.4 , 
-5766.71 , 
-67130.5 , 
-3407.36 , 
-168603 , 
-111135 , 
-16.7533 , 
-79.8422 , 
-39555.5 , 
-182893 , 
-3289.9 , 
-139547 , 
-3829.39 , 
-243585 , 
-19216.4 , 
-52537.8 , 
-28881.7 , 
-85487 , 
-358681 , 
-1.29913e+06 , 
-12158.4 , 
-507853 , 
-68.2133 , 
-201.925 , 
-1.72042e+06 , 
-4666.28 , 
-83809 , 
-66.1885 , 
-852526 , 
-107.61 , 
-1751.87 , 
-90592 , 
-72495.6 , 
-58086.2 , 
-271176 , 
-54.2646 , 
-1.1295e+06 , 
-885141 , 
-62.0355 , 
-9485.29 , 
-5.45027e+06 , 
-1094.12 , 
-264310 , 
-188595 , 
-68.3295 , 
-1.21147e+06 , 
-126223 , 
-21495 , 
-47.2942 , 
-173.29 , 
-218437 , 
-57533.3 , 
-2.89595e+06 , 
-15451.1 , 
-28907.9 , 
-93115.6 , 
-153943 , 
-99.1669 , 
-7109.8 , 
-23.3082 , 
-7090.41 , 
-85.3071 , 
-11408.2 , 
-210155 , 
-37222.2 , 
-89980.7 , 
-42.5524 , 
-2.15931e+06 , 
-22820.8 , 
-1.06561e+06 , 
-1.05615e+06 , 
-67.5237 , 
-2437.35 , 
-270898 , 
-559045 , 
-14499.1 , 
-154.555 , 
-11769.1 , 
-217403 , 
-279659 , 
-59394 , 
-130117 , 
-701979 , 
-1033.96 , 
-6154.74 , 
-159856 , 
-28076.1 , 
-7244.25 , 
-31963.7 , 
-50672.2 , 
-28.2651 , 
-2.54605e+06 , 
-917673 , 
-36.0316 , 
-69907.8 , 
-53926.8 , 
-119191 , 
-129.462 , 
-75.4361 , 
-216660 , 
-81.6104 , 
-24199.4 , 
-354535 , 
-4012.68 , 
-34.7754 , 
-99878.7 , 
-70.0953 , 
-418071 , 
-1664.4 , 
-3.82715e+06 , 
-26.2223 , 
-3102.92 , 
-209431 , 
-53104.2 , 
-9782.41 , 
-33209.1 , 
-4132.9 , 
-87.2902 , 
-4947.91 , 
-702409 , 
-6406.01 , 
-6356.71 , 
-173501 , 
-61298.5 , 
-121448 , 
-24247.5 , 
-11351.8 , 
-99.8212 , 
-173.636 , 
-35189.1 , 
-166899 , 
-27.2598 , 
-54668.5 , 
-444745 , 
-3.03498e+06 , 
-7406.64 , 
-13333.9 , 
-79129.9 , 
-623093 , 
-1.6175e+06 , 
-251949 , 
-90170.9 , 
-1.64863e+06 , 
-9706.3 , 
-113.266 , 
-155.928 , 
-287.295 , 
-333.751 , 
-8299.49 , 
-19.4599 , 
-431783 , 
-182357 , 
-845.226 , 
-147491 , 
-73.8392 , 
-613750 , 
-62704 , 
-674.104 , 
-2.07321e+06 , 
-15734.9 , 
-97327.1 , 
-58818 , 
-28646.5 , 
-356.079 , 
-59490.5 , 
-542451 , 
-125754 , 
-1.15576e+06 , 
-3519.71 , 
-14.0914 , 
-1.7168e+06 , 
-71396.5 , 
-75535.6 , 
-15.827 , 
-19091.9 , 
-38585.2 , 
-59.5111 , 
-140608 , 
-4081.6 , 
-267752 , 
-82.8128 , 
-48345.4 , 
-201675 , 
-773.103 , 
-51617.3 , 
-118.07 , 
-17.1567 , 
-21817.3 , 
-385394 , 
-828788 , 
-15.4966 , 
-44.2042 , 
-203.851 , 
-11642.5 , 
-43598.5 , 
-490.967 , 
-688102 , 
-14346.6 , 
-94384.7 , 
-21.4591 , 
-95591 , 
-1491.97 , 
-618719 , 
-11.4498 , 
-68.5019 , 
-12906.8 , 
-49212.3 , 
-95076.2 , 
-10.4306 , 
-605.45 , 
-5336.9 , 
-194377 , 
-9.48078 , 
-12.3745 , 
-233.632 , 
-77760.5 , 
-57391.4 , 
-8236.96 , 
-736.967 , 
-344092 , 
-76859.2 , 
-15.2221 , 
-75.5876 , 
-331.551 , 
-288304 , 
-11290.6 , 
-22269.1 , 
-434029 , 
-20500.5 , 
-85255.3 , 
-32675.2 , 
-86381.9 , 
-58968.1 , 
-588645 , 
-488058 , 
-252178 , 
-192740 , 
-27612.3 , 
-19422.8 , 
-205974 , 
-36967.4 , 
-65.0303 , 
-1645.57 , 
-14.9076 , 
-38291.2 , 
-9176.14 , 
-70858.9 , 
-127152 , 
-331572 , 
-520.975 , 
-350.15 , 
-26.7453 , 
-35400.8 , 
-282.904 , 
-47042.5 , 
-1613.84 , 
-68750.8 , 
-7816.52 , 
-36372.8 , 
-5.09757e+06 , 
-92932.9 , 
-75.5715 , 
-519296 , 
-169.809 , 
-28337.3 , 
-226366 , 
-81228.8 , 
-44.536 , 
-17.3771 , 
-989157 , 
-5078.2 , 
-471263 , 
-32308.2 , 
-22118 , 
-40397.7 , 
-144.383 , 
-61.9208 , 
-162587 , 
-106.312 , 
-3535.41 , 
-61923.1 , 
-110.935 , 
-5646.68 , 
-2969.91 , 
-350101 , 
-166562 , 
-63924.5 , 
-1.67708e+06 , 
-303081 , 
-641208 , 
-26382.3 , 
-7.07946e+06 , 
-8497.86 , 
-307.979 , 
-157427 , 
-3750.03 , 
-13413.9 , 
-133.833 , 
-4078.92 , 
-3605.86 , 
-101623 , 
-260722 , 
-5953.45 , 
-1301.93 , 
-61866.5 , 
-158458 , 
-168469 , 
-605867 , 
-1.01904e+06 , 
-3710.38 , 
-170626 , 
-2753.45 , 
-116391 , 
-6940.69 , 
-314898 , 
-20368.6 , 
-570933 , 
-68544.4 , 
-26736.6 , 
-3449.17 , 
-169036 , 
-25732.4 , 
-9283.49 , 
-51525.8 , 
-424646 , 
-29.9354 , 
-552761 , 
-4272.88 , 
-196.155 , 
-211.772 , 
-268670 , 
-10972 , 
-2551.6 , 
-148961 , 
-16115 , 
-183.034 , 
-867021 , 
-6000.49 , 
-352056 , 
-264.172 , 
-223744 , 
-242792 , 
-2221.83 , 
-1.43945e+06 , 
-186274 , 
-476.189 , 
-33452.8 , 
-2581.79 , 
-4960.69 , 
-59773.9 , 
-250846 , 
-345016 , 
-95152.9 , 
-32269.8 , 
-93449.9 , 
-7771.43 , 
-22972.7 , 
-6234.52 , 
-44337.9 , 
-89448.4 , 
-354764 , 
-62.9536 , 
-1.03494e+06 , 
-55833.9 , 
-1.39983e+06 , 
-69744.9 , 
-171705 , 
-646882 , 
-125506 , 
-63129.3 , 
-7436.54 , 
-64558.9 , 
-9959.98 , 
-2173.79 , 
-13859.3 , 
-141.485 , 
-11801.1 , 
-1.15883e+06 , 
-812788 , 
-46.7814 , 
-518726 , 
-17883.6 , 
-243.166 , 
-768.798 , 
-190635 , 
-918044 , 
-204.46 , 
-985880 , 
-5588.77 , 
-312.53 , 
-126408 , 
-1.17805e+06 , 
-318417 , 
-809.698 , 
-3254.78 , 
-43668.8 , 
-111243 , 
-225.489 , 
-206.244 , 
-13506.9 , 
-6974.23 , 
-764470 , 
-227358 , 
-21.7863 , 
-115997 , 
-61904.1 , 
-80213.2 , 
-679039 , 
-462817 , 
-32881 , 
-29723.5 , 
-1.05741e+06 , 
-265376 , 
-188454 , 
-159.244 , 
-784875 , 
-25913.6 , 
-157217 , 
-230.721 , 
-60757.8 , 
-63931.7 , 
-28.1089 , 
-302118 , 
-24551.7 , 
-39.6909 , 
-90311.7 , 
-4267.13 , 
-28048.4 , 
-44005.3 , 
-162910 , 
-5342.96 , 
-2002.04 , 
-80.917 , 
-62946.6 , 
-31670.3 , 
-342255 , 
-38322.6 , 
-105.731 , 
-1954.89 , 
-52587.4 , 
-65838.1 , 
-91326.9 , 
-2859.6 , 
-261841 , 
-528.736 , 
-640.17 , 
-7134.57 , 
-141.087 , 
-1.18033e+06 , 
-29155.5 , 
-162711 , 
-54627.8 , 
-34503.1 , 
-101226 , 
-1.32744e+06 , 
-31488.2 , 
-407486 , 
-27664.2 , 
-110208 , 
-316947 , 
-552865 , 
-109742 , 
-125.589 , 
-274.285 , 
-137012 , 
-124.065 , 
-34811.1 , 
-1.07232e+06 , 
-91276.8 , 
-1006.85 , 
-148.415 , 
-842.733 , 
-48535.1 , 
-5385.32 , 
-92961.6 , 
-222006 , 
-80688.3 , 
-16910.9 , 
-62556.9 , 
-136612 , 
-7686.31 , 
-139710 , 
-179.271 , 
-1.00319e+06 , 
-49878 , 
-408782 , 
-30254.7 , 
-10464.5 , 
-347553 , 
-677864 , 
-33495.6 , 
-162.888 , 
-356.098 , 
-10110.8 , 
-8116.82 , 
-51638.1 , 
-476913 , 
-46302.4 , 
-58670.2 , 
-123.349 , 
-96501.6 , 
-19351.2 , 
-67426.3 , 
-350267 , 
-859108 , 
-165096 , 
-4107.66 , 
-32715 , 
-18169.8 , 
-7024.17 , 
-71.407 , 
-2802.04 , 
-637.438 , 
-301.765 , 
-280020 , 
-847.914 , 
-5224.16 , 
-2852.79 , 
-34091.2 , 
-44789.6 , 
-222.521 , 
-332545 , 
-346.72 , 
-16183.2 , 
-2493.95 , 
-1980.21 , 
-37245.9 , 
-650929 , 
-176.577 , 
-4139.46 , 
-301247 , 
-310491 , 
-19535.4 , 
-254.237 , 
-4490.58 , 
-137928 , 
-389121 , 
-41156.3 , 
-575.522 , 
-262.327 , 
-74222.1 , 
-6913.39 , 
-225756 , 
-18451 , 
-498271 , 
-178.342 , 
-17148.7 , 
-278.683 , 
-329797 , 
-1.13117e+06 , 
-50969.9 , 
-63691.6 , 
-15438.7 , 
-296200 , 
-17191.6 , 
-25680.8 , 
-309.252 , 
-165814 , 
-92.8142 , 
-16753 , 
-14860.4 , 
-2510.03 , 
-361844 , 
-295.269 , 
-174548 , 
-215.345 , 
-111.759 , 
-325995 , 
-101.51 , 
-418.922 , 
-1.25981e+06 , 
-69.8995 , 
-4086.88 , 
-281482 , 
-126638 , 
-265.286 , 
-238631 , 
-16780.2 , 
-44.2514 , 
-38458.9 , 
-52699.3 , 
-357159 , 
-1.14792e+06 , 
-217.378 , 
-275361 , 
-146999 , 
-1.88454e+06 , 
-34349.6 , 
-4135.22 , 
-121.393 , 
-52839.5 , 
-177766 , 
-50745.6 , 
-58987.5 , 
-79.5199 , 
-1077.38 , 
-107822 , 
-33135.9 , 
-190.532 , 
-177.998 , 
-49396.1 , 
-2392.24 , 
-185702 , 
-380022 , 
-234687 , 
-3517.13 , 
-2812.41 , 
-318827 , 
-333.155 , 
-643.529 , 
-442453 , 
-212.308 , 
-636074 , 
-260361 , 
-36671.2 , 
-961879 , 
-70433.7 , 
-10463.5 , 
-537701 , 
-177017 , 
-164.842 , 
-13283.9 , 
-1.13643e+06 , 
-171282 , 
-1516.66 , 
-74745.4 , 
-48323.2 , 
-11166.5 , 
-117675 , 
-13.0504 , 
-107.563 , 
-79.1704 , 
-87.4582 , 
-517.524 , 
-1.03994e+06 , 
-1028.14 , 
-179520 , 
-91.0886 , 
-10620.6 , 
-50264.2 , 
-969532 , 
-53952.3 , 
-697233 , 
-494001 , 
-1825.47 , 
-117.863 , 
-85696.4 , 
-128265 , 
-20426.9 , 
-22516.6 , 
-44618.5 , 
-5972.83 , 
-8905.12 , 
-1.10538e+06 , 
-9073.5 , 
-39758.9 , 
-26815 , 
-2334.91 , 
-188.011 , 
-475.722 , 
-1839.21 , 
-426480 , 
-190.97 , 
-126121 , 
-361661 , 
-15951.4 , 
-8035.71 , 
-34928 , 
-202.596 , 
-18185.6 , 
-284.941 , 
-1429.23 , 
-178.764 , 
-1926.68 , 
-28420.7 , 
-49.4013 , 
-197.538 , 
-255580 , 
-2266.85 , 
-5263.28 , 
-935836 , 
-40.5729 , 
-27952.3 , 
-56639.9 , 
-58.6919 , 
-828052 , 
-678718 , 
-405551 , 
-158401 , 
-291105 , 
-57.3261 , 
-54.9903 , 
-101.528 , 
-1.35498e+06 , 
-95.6495 , 
-199348 , 
-90.2624 , 
-100008 , 
-1236.56 , 
-1361.88 , 
-235.901 , 
-33.7948 , 
-45.402 , 
-46837.9 , 
-22.1303 , 
-111304 , 
-68.9819 , 
-23193.9 , 
-314246 , 
-35.5637 , 
-190666 , 
-739787 , 
-199.537 , 
-47072.5 , 
-2066.11 , 
-532619 , 
-87949.2 , 
-1.15355e+06 , 
-28565.8 , 
-130796 , 
-1.19744e+06 , 
-9602.52 , 
-30974.2 , 
-10785 , 
-15306.9 , 
-78248.8 , 
-248.612 , 
-290.874 , 
-508593 , 
-3.24532e+06 , 
-187885 , 
-65845.8 , 
-908520 , 
-737457 , 
-1990.46 , 
-5453.51 , 
-173.695 , 
-78.1096 , 
-76969.8 , 
-87462.2 , 
-225.525 , 
-469.169 , 
-216279 , 
-211.237 , 
-74139.3 , 
-17210.3 , 
-22963.5 , 
-597.495 , 
-265.048 , 
-2.19523e+06 , 
-55367.4 , 
-166.44 , 
-22023.4 , 
-80.5441 , 
-517723 , 
-62698.6 , 
-888.842 , 
-70632.3 , 
-361.272 , 
-582530 , 
-55973.9 , 
-10004.6 , 
-170.897 , 
-86134.9 , 
-344280 , 
-78302 , 
-6432.44 , 
-3793.41 , 
-11585.7 , 
-244.503 , 
-126996 , 
-112.126 , 
-488.926 , 
-97.2043 , 
-10812.9 , 
-280727 , 
-27412.8 , 
-270925 , 
-33019.4 , 
-3145.36 , 
