-8.25174e-05 , 
7.50172e-05 , 
-0.033007 , 
0.0300075 , 
-3.00063 , 
-0.000330071 , 
0.000300087 , 
-0.0660148 , 
0.0600224 , 
-3.00063 , 
-0.000742668 , 
0.000675265 , 
-0.099024 , 
0.0900519 , 
-3.00063 , 
-0.00132032 , 
0.00120064 , 
-0.132035 , 
0.120104 , 
-3.00063 , 
-0.00206303 , 
0.00187635 , 
-0.16505 , 
0.150185 , 
-3.00063 , 
-0.00297082 , 
0.00270255 , 
-0.198068 , 
0.180302 , 
-3.00063 , 
-0.00404371 , 
0.00367945 , 
-0.23109 , 
0.210464 , 
-3.00063 , 
-0.00528173 , 
0.00480728 , 
-0.264118 , 
0.240678 , 
-3.00063 , 
-0.0066849 , 
0.00608632 , 
-0.297151 , 
0.27095 , 
-3.00063 , 
-0.00735324 , 
0.0066987 , 
0.029815 , 
-0.0259951 , 
29.7272 , 
-0.00638675 , 
0.00582636 , 
0.356782 , 
-0.322947 , 
29.7272 , 
-0.0037854 , 
0.00346909 , 
0.683757 , 
-0.619981 , 
29.7272 , 
0.000450855 , 
-0.00037371 , 
1.01075 , 
-0.917171 , 
29.7272 , 
0.0054221 , 
-0.00488478 , 
0.977754 , 
-0.887293 , 
-3.00063 , 
0.0102284 , 
-0.009247 , 
0.944779 , 
-0.857632 , 
-3.00063 , 
0.0148699 , 
-0.0134615 , 
0.911824 , 
-0.828182 , 
-3.00063 , 
0.0193467 , 
-0.0175292 , 
0.878888 , 
-0.798935 , 
-3.00063 , 
0.0236588 , 
-0.0214511 , 
0.845971 , 
-0.769886 , 
-3.00063 , 
0.0278064 , 
-0.0252283 , 
0.813073 , 
-0.741028 , 
-3.00063 , 
0.0317896 , 
-0.0288617 , 
0.780193 , 
-0.712355 , 
-3.00063 , 
0.0356084 , 
-0.0323522 , 
0.747331 , 
-0.68386 , 
-3.00063 , 
0.0392629 , 
-0.0357006 , 
0.714487 , 
-0.655536 , 
-3.00063 , 
0.0427533 , 
-0.0389078 , 
0.681659 , 
-0.627376 , 
-3.00063 , 
0.0460795 , 
-0.0419746 , 
0.648847 , 
-0.599375 , 
-3.00063 , 
0.0492418 , 
-0.0449018 , 
0.616051 , 
-0.571526 , 
-3.00063 , 
0.0522401 , 
-0.0476901 , 
0.58327 , 
-0.543821 , 
-3.00063 , 
0.0550745 , 
-0.0503403 , 
0.550503 , 
-0.516254 , 
-3.00063 , 
0.0577451 , 
-0.0528529 , 
0.51775 , 
-0.488819 , 
-3.00063 , 
0.060252 , 
-0.0552287 , 
0.485011 , 
-0.461508 , 
-3.00063 , 
0.0625953 , 
-0.0574682 , 
0.452284 , 
-0.434315 , 
-3.00063 , 
0.0647749 , 
-0.059572 , 
0.419569 , 
-0.407234 , 
-3.00063 , 
0.066791 , 
-0.0615407 , 
0.386865 , 
-0.380257 , 
-3.00063 , 
0.0686436 , 
-0.0633747 , 
0.354172 , 
-0.353377 , 
-3.00063 , 
0.0703327 , 
-0.0650746 , 
0.321488 , 
-0.326589 , 
-3.00063 , 
0.0718585 , 
-0.0666408 , 
0.288814 , 
-0.299884 , 
-3.00063 , 
0.0732209 , 
-0.0680736 , 
0.256149 , 
-0.273257 , 
-3.00063 , 
0.07442 , 
-0.0693734 , 
0.22349 , 
-0.246701 , 
-3.00063 , 
0.0754558 , 
-0.0705407 , 
0.190839 , 
-0.220208 , 
-3.00063 , 
0.0763284 , 
-0.0715756 , 
0.158195 , 
-0.193772 , 
-3.00063 , 
0.0770377 , 
-0.0724785 , 
0.125555 , 
-0.167387 , 
-3.00063 , 
0.0775839 , 
-0.0732496 , 
0.092921 , 
-0.141044 , 
-3.00063 , 
0.077967 , 
-0.073889 , 
0.0602906 , 
-0.114739 , 
-3.00064 , 
0.0781868 , 
-0.074397 , 
0.0276635 , 
-0.0884628 , 
-3.00064 , 
0.0782436 , 
-0.0747737 , 
-0.00496111 , 
-0.0622098 , 
-3.00064 , 
0.0781372 , 
-0.0750191 , 
-0.0375839 , 
-0.035973 , 
-3.00064 , 
0.0778678 , 
-0.0751334 , 
-0.0702056 , 
-0.00974547 , 
-3.00063 , 
0.0774352 , 
-0.0751166 , 
-0.102827 , 
0.0164795 , 
-3.00063 , 
0.0768395 , 
-0.0749686 , 
-0.135449 , 
0.0427087 , 
-3.00063 , 
0.0760807 , 
-0.0746895 , 
-0.168072 , 
0.068949 , 
-3.00063 , 
0.0751588 , 
-0.0742791 , 
-0.200697 , 
0.0952072 , 
-3.00063 , 
0.0740737 , 
-0.0737374 , 
-0.233325 , 
0.12149 , 
-3.00063 , 
0.0728255 , 
-0.0730641 , 
-0.265957 , 
0.147805 , 
-3.00063 , 
0.0714141 , 
-0.0722592 , 
-0.298592 , 
0.174157 , 
-3.00063 , 
0.0698396 , 
-0.0713225 , 
-0.331233 , 
0.200555 , 
-3.00064 , 
0.0681018 , 
-0.0702536 , 
-0.363879 , 
0.227005 , 
-3.00064 , 
0.0662008 , 
-0.0690523 , 
-0.396532 , 
0.253513 , 
-3.00064 , 
0.0641365 , 
-0.0677184 , 
-0.429192 , 
0.280087 , 
-3.00064 , 
0.0619088 , 
-0.0662513 , 
-0.46186 , 
0.306734 , 
-3.00063 , 
0.0595179 , 
-0.0646509 , 
-0.494536 , 
0.333459 , 
-3.00063 , 
0.0569635 , 
-0.0629166 , 
-0.527222 , 
0.36027 , 
-3.00063 , 
0.0542456 , 
-0.061048 , 
-0.559918 , 
0.387174 , 
-3.00063 , 
0.0513643 , 
-0.0590447 , 
-0.592625 , 
0.414177 , 
-3.00063 , 
0.0483194 , 
-0.0569061 , 
-0.625343 , 
0.441287 , 
-3.00063 , 
0.0451108 , 
-0.0546317 , 
-0.658073 , 
0.468509 , 
-3.00063 , 
0.0417386 , 
-0.0522208 , 
-0.690816 , 
0.495851 , 
-3.00063 , 
0.0382026 , 
-0.0496729 , 
-0.723572 , 
0.52332 , 
-3.00063 , 
0.0345029 , 
-0.0469874 , 
-0.756342 , 
0.550921 , 
-3.00063 , 
0.0306392 , 
-0.0441635 , 
-0.789127 , 
0.578663 , 
-3.00063 , 
0.0266116 , 
-0.0412005 , 
-0.821927 , 
0.60655 , 
-3.00063 , 
0.0224199 , 
-0.0380977 , 
-0.854743 , 
0.634591 , 
-3.00063 , 
0.0180641 , 
-0.0348543 , 
-0.887575 , 
0.662792 , 
-3.00063 , 
0.0135441 , 
-0.0314695 , 
-0.920424 , 
0.69116 , 
-3.00063 , 
0.00885985 , 
-0.0279424 , 
-0.953291 , 
0.7197 , 
-3.00063 , 
0.00401119 , 
-0.0242722 , 
-0.986175 , 
0.74842 , 
-3.00063 , 
-0.00100193 , 
-0.0204579 , 
-1.01908 , 
0.777327 , 
-3.00063 , 
-0.00617962 , 
-0.0164986 , 
-1.052 , 
0.806426 , 
-3.00063 , 
-0.011522 , 
-0.0123933 , 
-1.08494 , 
0.835724 , 
-3.00063 , 
-0.017029 , 
-0.00814105 , 
-1.1179 , 
0.865228 , 
-3.00063 , 
-0.022701 , 
-0.00374071 , 
-1.15088 , 
0.894944 , 
-3.00063 , 
-0.0285379 , 
0.000808755 , 
-1.18388 , 
0.924878 , 
-3.00063 , 
-0.0345398 , 
0.00550845 , 
-1.2169 , 
0.955037 , 
-3.00063 , 
-0.0407069 , 
0.0103595 , 
-1.24994 , 
0.985427 , 
-3.00063 , 
-0.0470393 , 
0.0153631 , 
-1.28301 , 
1.01605 , 
-3.00063 , 
-0.053537 , 
0.0205205 , 
-1.31609 , 
1.04692 , 
-3.00063 , 
-0.0602002 , 
0.0258328 , 
-1.34919 , 
1.07804 , 
-3.00063 , 
-0.067029 , 
0.0313013 , 
-1.38232 , 
1.10942 , 
-3.00063 , 
-0.0740234 , 
0.0369274 , 
-1.41547 , 
1.14106 , 
-3.00063 , 
-0.0811837 , 
0.0427123 , 
-1.44863 , 
1.17296 , 
-3.00063 , 
-0.0885098 , 
0.0486574 , 
-1.48182 , 
1.20513 , 
-3.00063 , 
-0.0960019 , 
0.0547641 , 
-1.51503 , 
1.23759 , 
-3.00063 , 
-0.10366 , 
0.0610338 , 
-1.54826 , 
1.27032 , 
-3.00063 , 
-0.111485 , 
0.0674679 , 
-1.58151 , 
1.30335 , 
-3.00063 , 
-0.119475 , 
0.0740678 , 
-1.61478 , 
1.33667 , 
-3.00063 , 
-0.127632 , 
0.0808351 , 
-1.64806 , 
1.37029 , 
-3.00063 , 
-0.135956 , 
0.0877712 , 
-1.68137 , 
1.40422 , 
-3.00063 , 
-0.144446 , 
0.0948777 , 
-1.71469 , 
1.43845 , 
-3.00063 , 
-0.153103 , 
0.102156 , 
-1.74803 , 
1.473 , 
-3.00063 , 
-0.161926 , 
0.109608 , 
-1.78139 , 
1.50786 , 
-3.00063 , 
-0.170917 , 
0.117235 , 
-1.81476 , 
1.54305 , 
-3.00063 , 
-0.180074 , 
0.125039 , 
-1.84814 , 
1.57857 , 
-3.00063 , 
-0.189398 , 
0.133022 , 
-1.88154 , 
1.61441 , 
-3.00063 , 
-0.198889 , 
0.141184 , 
-1.91495 , 
1.65059 , 
-3.00064 , 
-0.208548 , 
0.149528 , 
-1.94837 , 
1.68711 , 
-3.00064 , 
-0.218373 , 
0.158056 , 
-1.98179 , 
1.72397 , 
-3.00064 , 
-0.228366 , 
0.166768 , 
-2.01523 , 
1.76117 , 
-3.00064 , 
-0.238525 , 
0.175668 , 
-2.04866 , 
1.79872 , 
-3.00064 , 
-0.248852 , 
0.184756 , 
-2.0821 , 
1.83662 , 
-3.00064 , 
-0.259346 , 
0.194035 , 
-2.11554 , 
1.87487 , 
-3.00064 , 
-0.270008 , 
0.203505 , 
-2.14898 , 
1.91347 , 
-3.00064 , 
-0.280836 , 
0.21317 , 
-2.18241 , 
1.95243 , 
-3.00064 , 
-0.291832 , 
0.22303 , 
-2.21583 , 
1.99174 , 
-3.00064 , 
-0.302994 , 
0.233088 , 
-2.24924 , 
2.03141 , 
-3.00064 , 
-0.314324 , 
0.243345 , 
-2.28264 , 
2.07144 , 
-3.00064 , 
-0.325821 , 
0.253803 , 
-2.31603 , 
2.11182 , 
-3.00064 , 
-0.337484 , 
0.264464 , 
-2.34939 , 
2.15256 , 
-3.00064 , 
-0.349315 , 
0.275329 , 
-2.38273 , 
2.19366 , 
-3.00064 , 
-0.361312 , 
0.286401 , 
-2.41604 , 
2.23512 , 
-3.00064 , 
-0.373475 , 
0.297681 , 
-2.44931 , 
2.27692 , 
-3.00063 , 
-0.385805 , 
0.309171 , 
-2.48255 , 
2.31908 , 
-3.00063 , 
-0.3983 , 
0.320872 , 
-2.51575 , 
2.3616 , 
-3.00063 , 
-0.410962 , 
0.332787 , 
-2.54891 , 
2.40446 , 
-3.00063 , 
-0.423789 , 
0.344917 , 
-2.58201 , 
2.44766 , 
-3.00064 , 
-0.436782 , 
0.357264 , 
-2.61506 , 
2.4912 , 
-3.00064 , 
-0.44994 , 
0.36983 , 
-2.64804 , 
2.53509 , 
-3.00064 , 
-0.463262 , 
0.382616 , 
-2.68096 , 
2.5793 , 
-3.00064 , 
-0.476749 , 
0.395623 , 
-2.7138 , 
2.62384 , 
-3.00064 , 
-0.4904 , 
0.408855 , 
-2.74657 , 
2.6687 , 
-3.00064 , 
-0.504215 , 
0.422311 , 
-2.77924 , 
2.71388 , 
-3.00064 , 
-0.518193 , 
0.435994 , 
-2.81183 , 
2.75937 , 
-3.00064 , 
-0.532333 , 
0.449905 , 
-2.84431 , 
2.80517 , 
-3.00064 , 
-0.546635 , 
0.464046 , 
-2.87669 , 
2.85125 , 
-3.00064 , 
-0.5611 , 
0.478418 , 
-2.90895 , 
2.89763 , 
-3.00064 , 
-0.575725 , 
0.493023 , 
-2.94109 , 
2.94429 , 
-3.00064 , 
-0.59051 , 
0.507862 , 
-2.9731 , 
2.99121 , 
-3.00064 , 
-0.605456 , 
0.522936 , 
-3.00498 , 
3.0384 , 
-3.00064 , 
-0.62056 , 
0.538246 , 
-3.0367 , 
3.08584 , 
-3.00064 , 
-0.635822 , 
0.553794 , 
-3.06827 , 
3.13352 , 
-3.00064 , 
-0.651242 , 
0.569582 , 
-3.09968 , 
3.18144 , 
-3.00064 , 
-0.666819 , 
0.585609 , 
-3.13091 , 
3.22957 , 
-3.00064 , 
-0.682551 , 
0.601878 , 
-3.16196 , 
3.27791 , 
-3.00064 , 
-0.698438 , 
0.618389 , 
-3.19283 , 
3.32646 , 
-3.00064 , 
-0.714479 , 
0.635143 , 
-3.22349 , 
3.37518 , 
-3.00064 , 
-0.730673 , 
0.652141 , 
-3.25394 , 
3.42409 , 
-3.00064 , 
-0.747018 , 
0.669384 , 
-3.28417 , 
3.47315 , 
-3.00064 , 
-0.763514 , 
0.686872 , 
-3.31417 , 
3.52236 , 
-3.00064 , 
-0.780159 , 
0.704608 , 
-3.34393 , 
3.57171 , 
-3.00064 , 
-0.796953 , 
0.72259 , 
-3.37344 , 
3.62118 , 
-3.00064 , 
-0.813893 , 
0.74082 , 
-3.4027 , 
3.67076 , 
-3.00064 , 
-0.830979 , 
0.759297 , 
-3.43168 , 
3.72044 , 
-3.00064 , 
-0.84821 , 
0.778024 , 
-3.46039 , 
3.77019 , 
-3.00064 , 
-0.865583 , 
0.797 , 
-3.48881 , 
3.82002 , 
-3.00064 , 
-0.883097 , 
0.816224 , 
-3.51693 , 
3.8699 , 
-3.00064 , 
-0.900752 , 
0.835699 , 
-3.54474 , 
3.91982 , 
-3.00064 , 
-0.918544 , 
0.855422 , 
-3.57224 , 
3.96977 , 
-3.00064 , 
-0.936473 , 
0.875396 , 
-3.59941 , 
4.01974 , 
-3.00064 , 
-0.954538 , 
0.89562 , 
-3.62625 , 
4.0697 , 
-3.00064 , 
-0.972735 , 
0.916093 , 
-3.65274 , 
4.11965 , 
-3.00064 , 
-0.991064 , 
0.936816 , 
-3.67888 , 
4.16957 , 
-3.00064 , 
-1.00952 , 
0.957789 , 
-3.70465 , 
4.21945 , 
-3.00064 , 
-1.02811 , 
0.979011 , 
-3.73006 , 
4.26928 , 
-3.00064 , 
-1.04682 , 
1.00048 , 
-3.75509 , 
4.31905 , 
-3.00064 , 
-1.06566 , 
1.0222 , 
-3.77974 , 
4.36873 , 
-3.00064 , 
-1.08462 , 
1.04417 , 
-3.80399 , 
4.41832 , 
-3.00064 , 
-1.1037 , 
1.06638 , 
-3.82785 , 
4.46781 , 
-3.00064 , 
-1.1229 , 
1.08885 , 
-3.85131 , 
4.51718 , 
-3.00064 , 
-1.14221 , 
1.11156 , 
-3.87435 , 
4.56642 , 
-3.00064 , 
-1.16164 , 
1.13451 , 
-3.89699 , 
4.61553 , 
-3.00064 , 
-1.18118 , 
1.15771 , 
-3.9192 , 
4.66448 , 
-3.00064 , 
-1.20083 , 
1.18115 , 
-3.941 , 
4.71326 , 
-3.00064 , 
-1.22059 , 
1.20484 , 
-3.96236 , 
4.76188 , 
-3.00064 , 
-1.24046 , 
1.22877 , 
-3.98331 , 
4.8103 , 
-3.00064 , 
-1.26042 , 
1.25295 , 
-4.00382 , 
4.85853 , 
-3.00064 , 
-1.28049 , 
1.27736 , 
-4.0239 , 
4.90655 , 
-3.00064 , 
-1.30066 , 
1.30201 , 
-4.04356 , 
4.95434 , 
-3.00064 , 
-1.32093 , 
1.3269 , 
-4.06279 , 
5.00191 , 
-3.00064 , 
-1.34129 , 
1.35203 , 
-4.08159 , 
5.04923 , 
-3.00064 , 
-1.36174 , 
1.37739 , 
-4.09996 , 
5.0963 , 
-3.00064 , 
-1.38229 , 
1.40299 , 
-4.11792 , 
5.14309 , 
-3.00064 , 
-1.40292 , 
1.42882 , 
-4.13545 , 
5.18961 , 
-3.00064 , 
-1.42364 , 
1.45489 , 
-4.15258 , 
5.23583 , 
-3.00064 , 
-1.44445 , 
1.48118 , 
-4.1693 , 
5.28175 , 
-3.00064 , 
-1.46533 , 
1.5077 , 
-4.18563 , 
5.32734 , 
-3.00064 , 
-1.4863 , 
1.53445 , 
-4.20157 , 
5.37259 , 
-3.00064 , 
-1.50735 , 
1.56143 , 
-4.21713 , 
5.4175 , 
-3.00064 , 
-1.52847 , 
1.58863 , 
-4.23232 , 
5.46203 , 
-3.00064 , 
-1.54967 , 
1.61605 , 
-4.24716 , 
5.50617 , 
-3.00064 , 
-1.57094 , 
1.64369 , 
-4.26165 , 
5.54991 , 
-3.00064 , 
-1.59229 , 
1.67155 , 
-4.27582 , 
5.59321 , 
-3.00064 , 
-1.6137 , 
1.69962 , 
-4.28968 , 
5.63607 , 
-3.00064 , 
-1.63518 , 
1.72791 , 
-4.30325 , 
5.67844 , 
-3.00064 , 
-1.65673 , 
1.7564 , 
-4.31653 , 
5.72032 , 
-3.00064 , 
-1.67835 , 
1.78511 , 
-4.32957 , 
5.76167 , 
-3.00064 , 
-1.70003 , 
1.81402 , 
-4.34237 , 
5.80246 , 
-3.00064 , 
-1.72177 , 
1.84313 , 
-4.35496 , 
5.84266 , 
-3.00064 , 
-1.74358 , 
1.87245 , 
-4.36737 , 
5.88223 , 
-3.00064 , 
-1.76545 , 
1.90195 , 
-4.37961 , 
5.92114 , 
-3.00064 , 
-1.78737 , 
1.93166 , 
-4.39173 , 
5.95936 , 
-3.00064 , 
-1.80936 , 
1.96155 , 
-4.40374 , 
5.99683 , 
-3.00064 , 
-1.83141 , 
1.99162 , 
-4.41567 , 
6.03351 , 
-3.00064 , 
-1.85352 , 
2.02188 , 
-4.42757 , 
6.06937 , 
-3.00064 , 
-1.87569 , 
2.05232 , 
-4.43946 , 
6.10434 , 
-3.00064 , 
-1.89791 , 
2.08292 , 
-4.45137 , 
6.13837 , 
-3.00064 , 
-1.9202 , 
2.1137 , 
-4.46335 , 
6.17142 , 
-3.00064 , 
-1.94255 , 
2.14464 , 
-4.47542 , 
6.20342 , 
-3.00064 , 
-1.96495 , 
2.17573 , 
-4.48764 , 
6.23432 , 
-3.00064 , 
-1.98742 , 
2.20698 , 
-4.50003 , 
6.26404 , 
-3.00064 , 
-2.00996 , 
2.23837 , 
-4.51264 , 
6.29253 , 
-3.00064 , 
-2.03255 , 
2.2699 , 
-4.52551 , 
6.31972 , 
-3.00064 , 
-2.05521 , 
2.30156 , 
-4.53869 , 
6.34554 , 
-3.00064 , 
-2.07794 , 
2.33335 , 
-4.55221 , 
6.36992 , 
-3.00064 , 
-2.10073 , 
2.36526 , 
-4.56611 , 
6.39279 , 
-3.00064 , 
-2.1236 , 
2.39728 , 
-4.58045 , 
6.41408 , 
-3.00064 , 
-2.14654 , 
2.4294 , 
-4.59525 , 
6.43371 , 
-3.00064 , 
-2.16955 , 
2.46161 , 
-4.61058 , 
6.45161 , 
-3.00064 , 
-2.19265 , 
2.49391 , 
-4.62646 , 
6.46771 , 
-3.00064 , 
-2.21582 , 
2.52629 , 
-4.64295 , 
6.48193 , 
-3.00064 , 
-2.23908 , 
2.55873 , 
-4.66007 , 
6.49422 , 
-3.00064 , 
-2.26242 , 
2.59122 , 
-4.67787 , 
6.5045 , 
-3.00064 , 
-2.28586 , 
2.62377 , 
-4.69639 , 
6.51271 , 
-3.00064 , 
-2.30939 , 
2.65635 , 
-4.71566 , 
6.51879 , 
-3.00064 , 
-2.33301 , 
2.68895 , 
-4.73571 , 
6.52268 , 
-3.00064 , 
-2.35674 , 
2.72157 , 
-4.75657 , 
6.52433 , 
-3.00064 , 
-2.38058 , 
2.75419 , 
-4.77828 , 
6.5237 , 
-3.00064 , 
-2.40453 , 
2.7868 , 
-4.80085 , 
6.52075 , 
-3.00064 , 
-2.42859 , 
2.8194 , 
-4.8243 , 
6.51545 , 
-3.00064 , 
-2.45277 , 
2.85195 , 
-4.84865 , 
6.50776 , 
-3.00064 , 
-2.47708 , 
2.88447 , 
-4.87392 , 
6.49768 , 
-3.00064 , 
-2.50151 , 
2.91693 , 
-4.90011 , 
6.4852 , 
-3.00064 , 
-2.52608 , 
2.94932 , 
-4.92724 , 
6.47031 , 
-3.00064 , 
-2.55079 , 
2.98163 , 
-4.95529 , 
6.45301 , 
-3.00064 , 
-2.57564 , 
3.01384 , 
-4.98426 , 
6.43333 , 
-3.00064 , 
-2.60063 , 
3.04596 , 
-5.01416 , 
6.41129 , 
-3.00064 , 
-2.62578 , 
3.07795 , 
-5.04497 , 
6.38692 , 
-3.00064 , 
-2.65108 , 
3.10982 , 
-5.07667 , 
6.36027 , 
-3.00064 , 
-2.67655 , 
3.14155 , 
-5.10924 , 
6.33137 , 
-3.00064 , 
-2.70218 , 
3.17313 , 
-5.14267 , 
6.30028 , 
-3.00064 , 
-2.72798 , 
3.20455 , 
-5.17693 , 
6.26707 , 
-3.00064 , 
-2.75395 , 
3.2358 , 
-5.21198 , 
6.2318 , 
-3.00064 , 
-2.7801 , 
3.26687 , 
-5.24781 , 
6.19454 , 
-3.00064 , 
-2.80643 , 
3.29774 , 
-5.28436 , 
6.15539 , 
-3.00064 , 
-2.83294 , 
3.32842 , 
-5.32162 , 
6.11441 , 
-3.00064 , 
-2.85964 , 
3.35888 , 
-5.35953 , 
6.07169 , 
-3.00064 , 
-2.88654 , 
3.38913 , 
-5.39807 , 
6.02733 , 
-3.00064 , 
-2.91363 , 
3.41915 , 
-5.43719 , 
5.98141 , 
-3.00064 , 
-2.94091 , 
3.44894 , 
-5.47685 , 
5.93404 , 
-3.00064 , 
-2.9684 , 
3.47849 , 
-5.51701 , 
5.88529 , 
-3.00064 , 
-2.99608 , 
3.50779 , 
-5.55762 , 
5.83528 , 
-3.00064 , 
-3.02397 , 
3.53684 , 
-5.59865 , 
5.78408 , 
-3.00064 , 
-3.05207 , 
3.56563 , 
-5.64005 , 
5.73179 , 
-3.00064 , 
-3.08037 , 
3.59416 , 
-5.68179 , 
5.67852 , 
-3.00064 , 
-3.10889 , 
3.62242 , 
-5.72382 , 
5.62433 , 
-3.00064 , 
-3.13761 , 
3.6504 , 
-5.76611 , 
5.56933 , 
-3.00064 , 
-3.16655 , 
3.67811 , 
-5.8086 , 
5.51359 , 
-3.00064 , 
-3.1957 , 
3.70553 , 
-5.85128 , 
5.45721 , 
-3.00064 , 
-3.22506 , 
3.73268 , 
-5.89411 , 
5.40025 , 
-3.00064 , 
-3.25464 , 
3.75954 , 
-5.93704 , 
5.34279 , 
-3.00064 , 
-3.28443 , 
3.78611 , 
-5.98005 , 
5.28491 , 
-3.00064 , 
-3.31444 , 
3.81238 , 
-6.02311 , 
5.22668 , 
-3.00065 , 
-3.34466 , 
3.83837 , 
-6.06618 , 
5.16816 , 
-3.00065 , 
-3.3751 , 
3.86407 , 
-6.10925 , 
5.1094 , 
-3.00065 , 
-3.40576 , 
3.88947 , 
-6.15228 , 
5.05048 , 
-3.00065 , 
-3.43662 , 
3.91457 , 
-6.19525 , 
4.99145 , 
-3.00064 , 
-3.46771 , 
3.93938 , 
-6.23814 , 
4.93235 , 
-3.00064 , 
-3.49901 , 
3.96389 , 
-6.28093 , 
4.87323 , 
-3.00064 , 
-3.53052 , 
3.98811 , 
-6.32359 , 
4.81415 , 
-3.00064 , 
-3.56224 , 
4.01204 , 
-6.36612 , 
4.75513 , 
-3.00064 , 
-3.59418 , 
4.03566 , 
-6.40849 , 
4.69623 , 
-3.00064 , 
-3.62633 , 
4.059 , 
-6.45069 , 
4.63746 , 
-3.00064 , 
-3.65868 , 
4.08204 , 
-6.49271 , 
4.57888 , 
-3.00064 , 
-3.69125 , 
4.10479 , 
-6.53453 , 
4.5205 , 
-3.00064 , 
-3.72403 , 
4.12724 , 
-6.57615 , 
4.46236 , 
-3.00064 , 
-3.75701 , 
4.14941 , 
-6.61755 , 
4.40448 , 
-3.00064 , 
-3.7902 , 
4.17129 , 
-6.65873 , 
4.34688 , 
-3.00064 , 
-3.8236 , 
4.19288 , 
-6.69967 , 
4.28959 , 
-3.00064 , 
-3.8572 , 
4.21419 , 
-6.74038 , 
4.23262 , 
-3.00064 , 
-3.891 , 
4.23521 , 
-6.78085 , 
4.17599 , 
-3.00064 , 
-3.92501 , 
4.25595 , 
-6.82107 , 
4.11972 , 
-3.00064 , 
-3.95921 , 
4.27641 , 
-6.86104 , 
4.06381 , 
-3.00065 , 
-3.99362 , 
4.29659 , 
-6.90076 , 
4.00829 , 
-3.00065 , 
-4.02822 , 
4.31649 , 
-6.94022 , 
3.95316 , 
-3.00065 , 
-4.06302 , 
4.33612 , 
-6.97943 , 
3.89843 , 
-3.00065 , 
-4.09802 , 
4.35547 , 
-7.01837 , 
3.84411 , 
-3.00064 , 
-4.1332 , 
4.37456 , 
-7.05707 , 
3.79021 , 
-3.00064 , 
-4.16859 , 
4.39338 , 
-7.0955 , 
3.73673 , 
-3.00064 , 
-4.20416 , 
4.41193 , 
-7.13368 , 
3.68368 , 
-3.00064 , 
-4.23992 , 
4.43021 , 
-7.1716 , 
3.63107 , 
-3.00064 , 
-4.27587 , 
4.44824 , 
-7.20927 , 
3.57889 , 
-3.00064 , 
-4.31201 , 
4.466 , 
-7.24669 , 
3.52716 , 
-3.00064 , 
-4.34834 , 
4.48351 , 
-7.28386 , 
3.47587 , 
-3.00064 , 
-4.38485 , 
4.50076 , 
-7.32079 , 
3.42502 , 
-3.00064 , 
-4.42155 , 
4.51776 , 
-7.35747 , 
3.37462 , 
-3.00064 , 
-4.45843 , 
4.53451 , 
-7.39392 , 
3.32467 , 
-3.00064 , 
-4.49549 , 
4.55101 , 
-7.43013 , 
3.27516 , 
-3.00064 , 
-4.53273 , 
4.56726 , 
-7.4661 , 
3.2261 , 
-3.00064 , 
-4.57015 , 
4.58327 , 
-7.50185 , 
3.17748 , 
-3.00064 , 
-4.60775 , 
4.59904 , 
-7.53738 , 
3.12932 , 
-3.00064 , 
-4.64552 , 
4.61457 , 
-7.57268 , 
3.08159 , 
-3.00064 , 
-4.68347 , 
4.62986 , 
-7.60777 , 
3.03431 , 
-3.00064 , 
-4.7216 , 
4.64491 , 
-7.64265 , 
2.98747 , 
-3.00064 , 
-4.7599 , 
4.65973 , 
-7.67732 , 
2.94107 , 
-3.00064 , 
-4.79837 , 
4.67432 , 
-7.71178 , 
2.8951 , 
-3.00064 , 
-4.83701 , 
4.68868 , 
-7.74606 , 
2.84957 , 
-3.00064 , 
-4.87583 , 
4.70282 , 
-7.78013 , 
2.80447 , 
-3.00064 , 
-4.91482 , 
4.71673 , 
-7.81402 , 
2.7598 , 
-3.00064 , 
-4.95397 , 
4.73042 , 
-7.84772 , 
2.71556 , 
-3.00064 , 
-4.99329 , 
4.74388 , 
-7.88125 , 
2.67173 , 
-3.00064 , 
-5.03278 , 
4.75713 , 
-7.9146 , 
2.62833 , 
-3.00064 , 
-5.07244 , 
4.77017 , 
-7.94778 , 
2.58535 , 
-3.00064 , 
-5.11226 , 
4.78299 , 
-7.98079 , 
2.54277 , 
-3.00064 , 
-5.15225 , 
4.7956 , 
-8.01364 , 
2.50061 , 
-3.00064 , 
-5.1924 , 
4.80799 , 
-8.04634 , 
2.45885 , 
-3.00064 , 
-5.23271 , 
4.82019 , 
-8.07888 , 
2.41749 , 
-3.00064 , 
-5.27318 , 
4.83217 , 
-8.11128 , 
2.37654 , 
-3.00064 , 
-5.31382 , 
4.84395 , 
-8.14353 , 
2.33597 , 
-3.00064 , 
-5.35462 , 
4.85553 , 
-8.17564 , 
2.2958 , 
-3.00064 , 
-5.39558 , 
4.86691 , 
-8.20762 , 
2.25601 , 
-3.00064 , 
-5.4367 , 
4.87809 , 
-8.23947 , 
2.21661 , 
-3.00064 , 
-5.47797 , 
4.88908 , 
-8.27119 , 
2.17758 , 
-3.00064 , 
-5.51941 , 
4.89987 , 
-8.30278 , 
2.13893 , 
-3.00064 , 
-5.561 , 
4.91047 , 
-8.33426 , 
2.10065 , 
-3.00064 , 
-5.60275 , 
4.92087 , 
-8.36563 , 
2.06273 , 
-3.00064 , 
-5.64466 , 
4.93109 , 
-8.39688 , 
2.02518 , 
-3.00064 , 
-5.68672 , 
4.94113 , 
-8.42802 , 
1.98798 , 
-3.00064 , 
-5.72894 , 
4.95097 , 
-8.45906 , 
1.95114 , 
-3.00064 , 
-5.77131 , 
4.96064 , 
-8.49 , 
1.91464 , 
-3.00064 , 
-5.81384 , 
4.97012 , 
-8.52084 , 
1.87849 , 
-3.00064 , 
-5.85652 , 
4.97942 , 
-8.55159 , 
1.84267 , 
-3.00064 , 
-5.89935 , 
4.98855 , 
-8.58225 , 
1.8072 , 
-3.00064 , 
-5.94234 , 
4.9975 , 
-8.61282 , 
1.77205 , 
-3.00064 , 
-5.98548 , 
5.00627 , 
-8.64331 , 
1.73722 , 
-3.00064 , 
-6.02877 , 
5.01487 , 
-8.67372 , 
1.70272 , 
-3.00064 , 
-6.07222 , 
5.0233 , 
-8.70405 , 
1.66854 , 
-3.00064 , 
-6.11581 , 
5.03156 , 
-8.7343 , 
1.63466 , 
-3.00064 , 
-6.15956 , 
5.03964 , 
-8.76448 , 
1.6011 , 
-3.00064 , 
-6.20346 , 
5.04757 , 
-8.79459 , 
1.56783 , 
-3.00064 , 
-6.24751 , 
5.05532 , 
-8.82464 , 
1.53486 , 
-3.00064 , 
-6.2917 , 
5.06292 , 
-8.85462 , 
1.50219 , 
-3.00064 , 
-6.33605 , 
5.07035 , 
-8.88454 , 
1.4698 , 
-3.00064 , 
-6.38055 , 
5.07761 , 
-8.9144 , 
1.4377 , 
-3.00064 , 
-6.4252 , 
5.08472 , 
-8.9442 , 
1.40587 , 
-3.00064 , 
-6.46999 , 
5.09167 , 
-8.97395 , 
1.37432 , 
-3.00064 , 
-6.51494 , 
5.09847 , 
-9.00364 , 
1.34303 , 
-3.00064 , 
-6.56003 , 
5.1051 , 
-9.03328 , 
1.31201 , 
-3.00064 , 
-6.60527 , 
5.11159 , 
-9.06288 , 
1.28125 , 
-3.00064 , 
-6.65066 , 
5.11792 , 
-9.09243 , 
1.25074 , 
-3.00064 , 
-6.69619 , 
5.1241 , 
-9.12193 , 
1.22048 , 
-3.00064 , 
-6.74188 , 
5.13012 , 
-9.15139 , 
1.19046 , 
-3.00064 , 
-6.78771 , 
5.136 , 
-9.18082 , 
1.16068 , 
-3.00064 , 
-6.83368 , 
5.14173 , 
-9.2102 , 
1.13113 , 
-3.00064 , 
-6.87981 , 
5.14731 , 
-9.23954 , 
1.10181 , 
-3.00064 , 
-6.92608 , 
5.15275 , 
-9.26885 , 
1.07272 , 
-3.00064 , 
-6.9725 , 
5.15804 , 
-9.29812 , 
1.04384 , 
-3.00064 , 
-7.01906 , 
5.16319 , 
-9.32737 , 
1.01518 , 
-3.00064 , 
-7.06577 , 
5.16819 , 
-9.35658 , 
0.986718 , 
-3.00064 , 
-7.11263 , 
5.17306 , 
-9.38576 , 
0.958463 , 
-3.00064 , 
-7.15963 , 
5.17778 , 
-9.41491 , 
0.930405 , 
-3.00064 , 
-7.20678 , 
5.18236 , 
-9.44403 , 
0.902539 , 
-3.00064 , 
-7.25407 , 
5.1868 , 
-9.47313 , 
0.87486 , 
-3.00064 , 
-7.30151 , 
5.19111 , 
-9.50221 , 
0.847363 , 
-3.00064 , 
-7.34909 , 
5.19528 , 
-9.53126 , 
0.820043 , 
-3.00064 , 
-7.39682 , 
5.19931 , 
-9.56029 , 
0.792894 , 
-3.00064 , 
-7.44469 , 
5.20321 , 
-9.58929 , 
0.765911 , 
-3.00064 , 
-7.49271 , 
5.20697 , 
-9.61828 , 
0.739089 , 
-3.00064 , 
-7.54088 , 
5.2106 , 
-9.64725 , 
0.712422 , 
-3.00064 , 
-7.58918 , 
5.21409 , 
-9.6762 , 
0.685906 , 
-3.00064 , 
-7.63764 , 
5.21746 , 
-9.70513 , 
0.659535 , 
-3.00064 , 
-7.68624 , 
5.22069 , 
-9.73405 , 
0.633304 , 
-3.00064 , 
-7.73498 , 
5.22379 , 
-9.76295 , 
0.607207 , 
-3.00064 , 
-7.78386 , 
5.22676 , 
-9.79183 , 
0.58124 , 
-3.00064 , 
-7.8329 , 
5.2296 , 
-9.82071 , 
0.555397 , 
-3.00064 , 
-7.88207 , 
5.23232 , 
-9.84957 , 
0.529672 , 
-3.00064 , 
-7.93139 , 
5.2349 , 
-9.87841 , 
0.504061 , 
-3.00064 , 
-7.98086 , 
5.23736 , 
-9.90725 , 
0.478558 , 
-3.00064 , 
-8.03046 , 
5.23969 , 
-9.93607 , 
0.453158 , 
-3.00064 , 
-8.08022 , 
5.24189 , 
-9.96489 , 
0.427855 , 
-3.00064 , 
-8.13011 , 
5.24396 , 
-9.99369 , 
0.402644 , 
-3.00064 , 
-8.18015 , 
5.24591 , 
-10.0225 , 
0.377521 , 
-3.00064 , 
-8.23034 , 
5.24774 , 
-10.0513 , 
0.352479 , 
-3.00064 , 
-8.28067 , 
5.24944 , 
-10.0801 , 
0.327513 , 
-3.00064 , 
-8.33114 , 
5.25102 , 
-10.1088 , 
0.302618 , 
-3.00064 , 
-8.38175 , 
5.25247 , 
-10.1376 , 
0.277789 , 
-3.00064 , 
-8.43251 , 
5.25379 , 
-10.1664 , 
0.25302 , 
-3.00064 , 
-8.48342 , 
5.255 , 
-10.1951 , 
0.228306 , 
-3.00064 , 
-8.53446 , 
5.25608 , 
-10.2239 , 
0.203642 , 
-3.00064 , 
-8.58566 , 
5.25703 , 
-10.2526 , 
0.179022 , 
-3.00064 , 
-8.63699 , 
5.25787 , 
-10.2814 , 
0.154441 , 
-3.00064 , 
-8.68847 , 
5.25858 , 
-10.3101 , 
0.129894 , 
-3.00064 , 
-8.74009 , 
5.25917 , 
-10.3388 , 
0.105374 , 
-3.00064 , 
-8.79186 , 
5.25963 , 
-10.3676 , 
0.0808783 , 
-3.00064 , 
-8.84377 , 
5.25997 , 
-10.3963 , 
0.0563998 , 
-3.00064 , 
-8.89582 , 
5.26019 , 
-10.425 , 
0.0319337 , 
-3.00064 , 
-8.94802 , 
5.26029 , 
-10.4538 , 
0.00747444 , 
-3.00064 , 
-9.00036 , 
5.26027 , 
-10.4825 , 
-0.0169831 , 
-3.00064 , 
-9.05284 , 
5.26012 , 
-10.5112 , 
-0.0414444 , 
-3.00064 , 
-9.10547 , 
5.25986 , 
-10.54 , 
-0.0659147 , 
-3.00064 , 
-9.15824 , 
5.25946 , 
-10.5687 , 
-0.0903994 , 
-3.00064 , 
-9.21116 , 
5.25895 , 
-10.5974 , 
-0.114904 , 
-3.00064 , 
-9.26422 , 
5.25832 , 
-10.6262 , 
-0.139433 , 
-3.00064 , 
-9.31742 , 
5.25756 , 
-10.6549 , 
-0.163993 , 
-3.00064 , 
-9.37077 , 
5.25668 , 
-10.6837 , 
-0.188589 , 
-3.00064 , 
-9.42426 , 
5.25567 , 
-10.7124 , 
-0.213225 , 
-3.00064 , 
-9.47789 , 
5.25454 , 
-10.7412 , 
-0.237908 , 
-3.00064 , 
-9.53167 , 
5.25329 , 
-10.7699 , 
-0.262643 , 
-3.00064 , 
-9.58559 , 
5.25192 , 
-10.7987 , 
-0.287435 , 
-3.00064 , 
-9.63966 , 
5.25042 , 
-10.8275 , 
-0.312289 , 
-3.00064 , 
-9.69387 , 
5.24879 , 
-10.8562 , 
-0.33721 , 
-3.00064 , 
-9.74822 , 
5.24705 , 
-10.885 , 
-0.362205 , 
-3.00064 , 
-9.80272 , 
5.24517 , 
-10.9138 , 
-0.387278 , 
-3.00064 , 
-9.85736 , 
5.24317 , 
-10.9426 , 
-0.412435 , 
-3.00064 , 
-9.91214 , 
5.24105 , 
-10.9714 , 
-0.437681 , 
-3.00064 , 
-9.96707 , 
5.2388 , 
-11.0002 , 
-0.463021 , 
-3.00064 , 
-10.0221 , 
5.23642 , 
-11.0291 , 
-0.48846 , 
-3.00064 , 
-10.0774 , 
5.23391 , 
-11.0579 , 
-0.514005 , 
-3.00064 , 
-10.1327 , 
5.23128 , 
-11.0868 , 
-0.539659 , 
-3.00064 , 
-10.1882 , 
5.22851 , 
-11.1156 , 
-0.565429 , 
-3.00064 , 
-10.2439 , 
5.22562 , 
-11.1445 , 
-0.59132 , 
-3.00064 , 
-10.2997 , 
5.2226 , 
-11.1734 , 
-0.617337 , 
-3.00064 , 
-10.3556 , 
5.21945 , 
-11.2023 , 
-0.643486 , 
-3.00064 , 
-10.4117 , 
5.21617 , 
-11.2312 , 
-0.669771 , 
-3.00064 , 
-10.4679 , 
5.21275 , 
-11.2602 , 
-0.696197 , 
-3.00064 , 
-10.5243 , 
5.2092 , 
-11.2891 , 
-0.722771 , 
-3.00064 , 
-10.5808 , 
5.20552 , 
-11.3181 , 
-0.749498 , 
-3.00064 , 
-10.6375 , 
5.20171 , 
-11.3471 , 
-0.776382 , 
-3.00064 , 
-10.6943 , 
5.19776 , 
-11.3761 , 
-0.803429 , 
-3.00064 , 
-10.7512 , 
5.19367 , 
-11.4051 , 
-0.830644 , 
-3.00064 , 
-10.8083 , 
5.18945 , 
-11.4342 , 
-0.858032 , 
-3.00064 , 
-10.8656 , 
5.18509 , 
-11.4633 , 
-0.885599 , 
-3.00064 , 
-10.923 , 
5.1806 , 
-11.4924 , 
-0.91335 , 
-3.00064 , 
-10.9805 , 
5.17596 , 
-11.5215 , 
-0.94129 , 
-3.00064 , 
-11.0382 , 
5.17118 , 
-11.5507 , 
-0.969423 , 
-3.00064 , 
-11.096 , 
5.16626 , 
-11.5799 , 
-0.997757 , 
-3.00064 , 
-11.154 , 
5.1612 , 
-11.6091 , 
-1.02629 , 
-3.00064 , 
-11.2121 , 
5.156 , 
-11.6384 , 
-1.05504 , 
-3.00064 , 
-11.2704 , 
5.15065 , 
-11.6677 , 
-1.084 , 
-3.00064 , 
-11.3288 , 
5.14516 , 
-11.697 , 
-1.11319 , 
-3.00064 , 
-11.3873 , 
5.13952 , 
-11.7263 , 
-1.14259 , 
-3.00064 , 
-11.446 , 
5.13373 , 
-11.7557 , 
-1.17223 , 
-3.00064 , 
-11.5049 , 
5.1278 , 
-11.7852 , 
-1.2021 , 
-3.00064 , 
-11.5639 , 
5.12171 , 
-11.8146 , 
-1.23221 , 
-3.00064 , 
-11.623 , 
5.11548 , 
-11.8442 , 
-1.26257 , 
-3.00064 , 
-11.6823 , 
5.10909 , 
-11.8737 , 
-1.29318 , 
-3.00064 , 
-11.7418 , 
5.10254 , 
-11.9033 , 
-1.32404 , 
-3.00064 , 
-11.8014 , 
5.09585 , 
-11.933 , 
-1.35517 , 
-3.00064 , 
-11.8611 , 
5.08899 , 
-11.9627 , 
-1.38655 , 
-3.00064 , 
-11.921 , 
5.08198 , 
-11.9925 , 
-1.41821 , 
-3.00064 , 
-11.981 , 
5.07481 , 
-12.0223 , 
-1.45015 , 
-3.00064 , 
-12.0412 , 
5.06748 , 
-12.0522 , 
-1.48236 , 
-3.00064 , 
-12.1016 , 
5.05998 , 
-12.0821 , 
-1.51486 , 
-3.00064 , 
-12.162 , 
5.05233 , 
-12.1121 , 
-1.54765 , 
-3.00064 , 
-12.2227 , 
5.04451 , 
-12.1422 , 
-1.58073 , 
-3.00064 , 
-12.2835 , 
5.03652 , 
-12.1724 , 
-1.61411 , 
-3.00064 , 
-12.3444 , 
5.02837 , 
-12.2026 , 
-1.64779 , 
-3.00064 , 
-12.4055 , 
5.02004 , 
-12.2328 , 
-1.68179 , 
-3.00064 , 
-12.4667 , 
5.01155 , 
-12.2632 , 
-1.7161 , 
-3.00064 , 
-12.5281 , 
5.00288 , 
-12.2936 , 
-1.75072 , 
-3.00064 , 
-12.5897 , 
4.99404 , 
-12.3242 , 
-1.78567 , 
-3.00064 , 
-12.6514 , 
4.98502 , 
-12.3548 , 
-1.82095 , 
-3.00064 , 
-12.7132 , 
4.97583 , 
-12.3855 , 
-1.85656 , 
-3.00064 , 
-12.7752 , 
4.96646 , 
-12.4162 , 
-1.8925 , 
-3.00064 , 
-12.8374 , 
4.9569 , 
-12.4471 , 
-1.92879 , 
-3.00064 , 
-12.8997 , 
4.94717 , 
-12.4781 , 
-1.96542 , 
-3.00064 , 
-12.9622 , 
4.93725 , 
-12.5092 , 
-2.0024 , 
-3.00064 , 
-13.0248 , 
4.92714 , 
-12.5404 , 
-2.03974 , 
-3.00064 , 
-13.0876 , 
4.91685 , 
-12.5717 , 
-2.07743 , 
-3.00064 , 
-13.1505 , 
4.90637 , 
-12.6031 , 
-2.11549 , 
-3.00064 , 
-13.2136 , 
4.8957 , 
-12.6346 , 
-2.15391 , 
-3.00064 , 
-13.2768 , 
4.88483 , 
-12.6662 , 
-2.19271 , 
-3.00064 , 
-13.3403 , 
4.87377 , 
-12.698 , 
-2.23188 , 
-3.00064 , 
-13.4038 , 
4.86251 , 
-12.7299 , 
-2.27143 , 
-3.00064 , 
-13.4676 , 
4.85105 , 
-12.7619 , 
-2.31137 , 
-3.00064 , 
-13.5314 , 
4.8394 , 
-12.7941 , 
-2.35169 , 
-3.00064 , 
-13.5955 , 
4.82754 , 
-12.8264 , 
-2.39241 , 
-3.00064 , 
-13.6597 , 
4.81547 , 
-12.8589 , 
-2.43352 , 
-3.00064 , 
-13.7241 , 
4.8032 , 
-12.8915 , 
-2.47504 , 
-3.00064 , 
-13.7886 , 
4.79072 , 
-12.9242 , 
-2.51695 , 
-3.00064 , 
-13.8533 , 
4.77803 , 
-12.9571 , 
-2.55927 , 
-3.00064 , 
-13.9182 , 
4.76513 , 
-12.9902 , 
-2.60201 , 
-3.00064 , 
-13.9832 , 
4.75201 , 
-13.0235 , 
-2.64515 , 
-3.00064 , 
-14.0484 , 
4.73867 , 
-13.0569 , 
-2.68872 , 
-3.00064 , 
-14.1138 , 
4.72512 , 
-13.0905 , 
-2.7327 , 
-3.00064 , 
-14.1793 , 
4.71135 , 
-13.1242 , 
-2.77711 , 
-3.00064 , 
-14.245 , 
4.69735 , 
-13.1582 , 
-2.82195 , 
-3.00064 , 
-14.3109 , 
4.68313 , 
-13.1924 , 
-2.86722 , 
-3.00064 , 
-14.377 , 
4.66868 , 
-13.2267 , 
-2.91292 , 
-3.00064 , 
-14.4432 , 
4.654 , 
-13.2613 , 
-2.95905 , 
-3.00064 , 
-14.5096 , 
4.63908 , 
-13.296 , 
-3.00563 , 
-3.00064 , 
-14.5761 , 
4.62394 , 
-13.331 , 
-3.05264 , 
-3.00064 , 
-14.6429 , 
4.60856 , 
-13.3661 , 
-3.10009 , 
-3.00064 , 
-14.7098 , 
4.59294 , 
-13.4015 , 
-3.14799 , 
-3.00064 , 
-14.7769 , 
4.57708 , 
-13.4371 , 
-3.19633 , 
-3.00064 , 
-14.8442 , 
4.56097 , 
-13.473 , 
-3.24512 , 
-3.00064 , 
-14.9116 , 
4.54462 , 
-13.509 , 
-3.29435 , 
-3.00064 , 
-14.9793 , 
4.52803 , 
-13.5453 , 
-3.34403 , 
-3.00064 , 
-15.0471 , 
4.51118 , 
-13.5819 , 
-3.39416 , 
-3.00064 , 
-15.1151 , 
4.49409 , 
-13.6186 , 
-3.44473 , 
-3.00064 , 
-15.1833 , 
4.47674 , 
-13.6557 , 
-3.49575 , 
-3.00064 , 
-15.2516 , 
4.45913 , 
-13.6929 , 
-3.54722 , 
-3.00064 , 
-15.3202 , 
4.44126 , 
-13.7305 , 
-3.59912 , 
-3.00064 , 
-15.389 , 
4.42314 , 
-13.7682 , 
-3.65147 , 
-3.00064 , 
-15.4579 , 
4.40475 , 
-13.8062 , 
-3.70425 , 
-3.00064 , 
-15.527 , 
4.38609 , 
-13.8445 , 
-3.75747 , 
-3.00064 , 
-15.5963 , 
4.36717 , 
-13.8831 , 
-3.81111 , 
-3.00064 , 
-15.6658 , 
4.34798 , 
-13.9219 , 
-3.86517 , 
-3.00064 , 
-15.7356 , 
4.32852 , 
-13.9609 , 
-3.91965 , 
-3.00064 , 
-15.8055 , 
4.30878 , 
-14.0002 , 
-3.97454 , 
-3.00064 , 
-15.8756 , 
4.28877 , 
-14.0398 , 
-4.02982 , 
-3.00064 , 
-15.9459 , 
4.26848 , 
-14.0796 , 
-4.0855 , 
-3.00064 , 
-16.0164 , 
4.24792 , 
-14.1197 , 
-4.14155 , 
-3.00064 , 
-16.0871 , 
4.22707 , 
-14.16 , 
-4.19796 , 
-3.00064 , 
-16.158 , 
4.20594 , 
-14.2005 , 
-4.25473 , 
-3.00064 , 
-16.2291 , 
4.18452 , 
-14.2413 , 
-4.31182 , 
-3.00064 , 
-16.3004 , 
4.16282 , 
-14.2824 , 
-4.36924 , 
-3.00064 , 
-16.3719 , 
4.14083 , 
-14.3236 , 
-4.42695 , 
-3.00064 , 
-16.4436 , 
4.11855 , 
-14.3651 , 
-4.48493 , 
-3.00064 , 
-16.5155 , 
4.09598 , 
-14.4068 , 
-4.54317 , 
-3.00064 , 
-16.5877 , 
4.07312 , 
-14.4487 , 
-4.60163 , 
-3.00064 , 
-16.66 , 
4.04996 , 
-14.4908 , 
-4.66029 , 
-3.00064 , 
-16.7326 , 
4.02651 , 
-14.5331 , 
-4.71911 , 
-3.00064 , 
-16.8054 , 
4.00277 , 
-14.5755 , 
-4.77806 , 
-3.00064 , 
-16.8783 , 
3.97873 , 
-14.6181 , 
-4.83711 , 
-3.00064 , 
-16.9515 , 
3.9544 , 
-14.6608 , 
-4.89621 , 
-3.00065 , 
-17.0249 , 
3.92977 , 
-14.7036 , 
-4.95533 , 
-3.00065 , 
-17.0986 , 
3.90485 , 
-14.7466 , 
-5.01441 , 
-3.00065 , 
-17.1724 , 
3.87963 , 
-14.7896 , 
-5.07341 , 
-3.00065 , 
-17.2465 , 
3.85411 , 
-14.8326 , 
-5.13227 , 
-3.00065 , 
-17.3207 , 
3.8283 , 
-14.8757 , 
-5.19094 , 
-3.00065 , 
-17.3952 , 
3.8022 , 
-14.9188 , 
-5.24936 , 
-3.00065 , 
-17.4699 , 
3.77581 , 
-14.9618 , 
-5.30746 , 
-3.00065 , 
-17.5448 , 
3.74913 , 
-15.0048 , 
-5.36518 , 
-3.00065 , 
-17.62 , 
3.72216 , 
-15.0477 , 
-5.42245 , 
-3.00065 , 
-17.6953 , 
3.69491 , 
-15.0904 , 
-5.4792 , 
-3.00065 , 
-17.7709 , 
3.66737 , 
-15.1331 , 
-5.53534 , 
-3.00065 , 
-17.8466 , 
3.63955 , 
-15.1755 , 
-5.5908 , 
-3.00065 , 
-17.9226 , 
3.61146 , 
-15.2177 , 
-5.6455 , 
-3.00065 , 
-17.9988 , 
3.5831 , 
-15.2596 , 
-5.69934 , 
-3.00065 , 
-18.0752 , 
3.55447 , 
-15.3012 , 
-5.75224 , 
-3.00065 , 
-18.1518 , 
3.52558 , 
-15.3425 , 
-5.80412 , 
-3.00065 , 
-18.2287 , 
3.49643 , 
-15.3833 , 
-5.85487 , 
-3.00065 , 
-18.3057 , 
3.46703 , 
-15.4238 , 
-5.9044 , 
-3.00065 , 
-18.3829 , 
3.43739 , 
-15.4637 , 
-5.95262 , 
-3.00065 , 
-18.4603 , 
3.40751 , 
-15.5032 , 
-5.99944 , 
-3.00065 , 
-18.5379 , 
3.3774 , 
-15.5421 , 
-6.04477 , 
-3.00065 , 
-18.6157 , 
3.34706 , 
-15.5804 , 
-6.0885 , 
-3.00065 , 
-18.6937 , 
3.31651 , 
-15.6181 , 
-6.13055 , 
-3.00065 , 
-18.7719 , 
3.28576 , 
-15.6551 , 
-6.17083 , 
-3.00065 , 
-18.8503 , 
3.25481 , 
-15.6913 , 
-6.20926 , 
-3.00065 , 
-18.9288 , 
3.22367 , 
-15.7269 , 
-6.24575 , 
-3.00065 , 
-19.0075 , 
3.19236 , 
-15.7616 , 
-6.28023 , 
-3.00065 , 
-19.0864 , 
3.16087 , 
-15.7955 , 
-6.31262 , 
-3.00065 , 
-19.1655 , 
3.12923 , 
-15.8286 , 
-6.34287 , 
-3.00065 , 
-19.2447 , 
3.09745 , 
-15.8609 , 
-6.3709 , 
-3.00065 , 
-19.3241 , 
3.06553 , 
-15.8922 , 
-6.39667 , 
-3.00065 , 
-19.4036 , 
3.03348 , 
-15.9227 , 
-6.42014 , 
-3.00065 , 
-19.4833 , 
3.00133 , 
-15.9522 , 
-6.44127 , 
-3.00065 , 
-19.5632 , 
2.96908 , 
-15.9808 , 
-6.46002 , 
-3.00065 , 
-19.6431 , 
2.93673 , 
-16.0085 , 
-6.47638 , 
-3.00065 , 
-19.7232 , 
2.90432 , 
-16.0353 , 
-6.49034 , 
-3.00065 , 
-19.8035 , 
2.87183 , 
-16.0611 , 
-6.50189 , 
-3.00065 , 
-19.8839 , 
2.8393 , 
-16.086 , 
-6.51104 , 
-3.00065 , 
-19.9643 , 
2.80673 , 
-16.11 , 
-6.51779 , 
-3.00065 , 
-20.045 , 
2.77413 , 
-16.1332 , 
-6.52218 , 
-3.00065 , 
-20.1257 , 
2.74151 , 
-16.1554 , 
-6.52422 , 
-3.00065 , 
-20.2065 , 
2.70889 , 
-16.1768 , 
-6.52396 , 
-3.00065 , 
-20.2874 , 
2.67627 , 
-16.1973 , 
-6.52143 , 
-3.00065 , 
-20.3685 , 
2.64368 , 
-16.217 , 
-6.51668 , 
-3.00065 , 
-20.4496 , 
2.61111 , 
-16.236 , 
-6.50977 , 
-3.00065 , 
-20.5308 , 
2.57858 , 
-16.2543 , 
-6.50075 , 
-3.00065 , 
-20.6122 , 
2.54611 , 
-16.2718 , 
-6.48968 , 
-3.00065 , 
-20.6936 , 
2.51369 , 
-16.2887 , 
-6.47663 , 
-3.00065 , 
-20.775 , 
2.48134 , 
-16.3049 , 
-6.46167 , 
-3.00065 , 
-20.8566 , 
2.44908 , 
-16.3206 , 
-6.44486 , 
-3.00065 , 
-20.9382 , 
2.4169 , 
-16.3357 , 
-6.42628 , 
-3.00065 , 
-21.02 , 
2.38482 , 
-16.3503 , 
-6.406 , 
-3.00065 , 
-21.1017 , 
2.35284 , 
-16.3645 , 
-6.38409 , 
-3.00065 , 
-21.1836 , 
2.32098 , 
-16.3782 , 
-6.36062 , 
-3.00065 , 
-21.2655 , 
2.28924 , 
-16.3916 , 
-6.33567 , 
-3.00065 , 
-21.3475 , 
2.25762 , 
-16.4046 , 
-6.30931 , 
-3.00065 , 
-21.4296 , 
2.22615 , 
-16.4174 , 
-6.28161 , 
-3.00065 , 
-21.5117 , 
2.19481 , 
-16.4299 , 
-6.25263 , 
-3.00065 , 
-21.5939 , 
2.16362 , 
-16.4423 , 
-6.22244 , 
-3.00065 , 
