13.8766 , 
50.2627 , 
18.5093 , 
5.52279 , 
12.7415 , 
10.146 , 
8.36275 , 
3.80377 , 
3.6201 , 
4.64996 , 
38.6024 , 
11.9601 , 
36.4911 , 
7.55093 , 
2.81809 , 
1.99134 , 
5.50071 , 
9.348 , 
3.64501 , 
4.66346 , 
36.8174 , 
5.54299 , 
6.45812 , 
7.56662 , 
5.44038 , 
25.7252 , 
25.7714 , 
28.8964 , 
2.79065 , 
3.64278 , 
34.8974 , 
5.51329 , 
13.7601 , 
36.7509 , 
2.78414 , 
5.50108 , 
3.85226 , 
3.62774 , 
12.9597 , 
5.51308 , 
1.99358 , 
13.8233 , 
6.34433 , 
41.8634 , 
4.48396 , 
5.55071 , 
31.109 , 
10.1566 , 
2.84556 , 
6.38963 , 
5.42163 , 
5.48594 , 
11.1208 , 
11.0195 , 
25.5802 , 
26.5415 , 
45.588 , 
2.83034 , 
40.0568 , 
44.3669 , 
5.57893 , 
30.3971 , 
46.448 , 
10.0724 , 
7.52463 , 
4.7492 , 
26.8868 , 
2.80824 , 
11.162 , 
21.9545 , 
29.2062 , 
45.7359 , 
5.4723 , 
11.0667 , 
12.1675 , 
5.47168 , 
7.53789 , 
30.149 , 
3.61127 , 
38.6243 , 
47.2095 , 
3.62195 , 
9.10192 , 
4.72477 , 
2.81209 , 
7.47301 , 
5.5233 , 
5.57425 , 
4.67713 , 
2.81455 , 
2.82008 , 
19.2924 , 
2.78794 , 
22.0226 , 
3.82988 , 
8.2436 , 
47.871 , 
7.46028 , 
7.43709 , 
34.2109 , 
16.6588 , 
1.99976 , 
5.55324 , 
2.82634 , 
3.59403 , 
12.7629 , 
26.4939 , 
5.45545 , 
4.62513 , 
5.45446 , 
4.62315 , 
11.0022 , 
5.53235 , 
5.50445 , 
3.8172 , 
5.55514 , 
1.99308 , 
2.81374 , 
10.9744 , 
15.4936 , 
3.60691 , 
12.886 , 
15.7598 , 
10.0424 , 
3.66096 , 
26.3366 , 
11.1787 , 
4.6523 , 
5.56662 , 
8.32522 , 
3.63108 , 
4.61625 , 
7.5098 , 
3.59953 , 
12.8657 , 
10.908 , 
1.99817 , 
9.94439 , 
10.151 , 
4.63278 , 
5.54451 , 
5.52987 , 
5.55137 , 
32.1539 , 
10.0359 , 
47.4985 , 
4.6697 , 
3.80154 , 
4.63482 , 
5.54206 , 
24.7248 , 
7.56451 , 
4.68432 , 
5.46023 , 
4.69841 , 
8.32717 , 
5.48567 , 
11.0631 , 
37.7854 , 
6.55335 , 
3.62505 , 
3.58625 , 
9.3333 , 
10.2479 , 
10.2053 , 
27.9176 , 
7.44767 , 
28.7757 , 
25.0517 , 
11.0629 , 
47.5917 , 
24.045 , 
3.62255 , 
8.42391 , 
34.0714 , 
18.4332 , 
33.0389 , 
11.1308 , 
20.2308 , 
10.1513 , 
5.52146 , 
9.30165 , 
21.0731 , 
5.54197 , 
9.161 , 
4.59742 , 
4.65246 , 
5.52203 , 
8.46595 , 
42.6836 , 
10.934 , 
19.4127 , 
5.50604 , 
41.7595 , 
7.58108 , 
46.9116 , 
30.3424 , 
3.61027 , 
19.1488 , 
2.98703 , 
5.48685 , 
5.51439 , 
25.8938 , 
39.738 , 
7.51106 , 
47.3203 , 
10.9424 , 
5.4787 , 
36.5971 , 
25.9944 , 
2.77919 , 
11.9086 , 
24.6205 , 
2.80947 , 
12.9001 , 
8.25594 , 
4.63464 , 
8.3306 , 
4.63077 , 
9.08045 , 
28.6899 , 
2.81707 , 
13.6144 , 
11.0758 , 
4.70721 , 
39.9886 , 
1.98513 , 
17.5158 , 
11.0619 , 
2.91187 , 
11.2324 , 
5.42745 , 
25.4287 , 
2.81126 , 
5.43589 , 
4.68493 , 
15.6451 , 
16.5662 , 
4.57686 , 
5.49809 , 
12.0176 , 
12.2057 , 
9.22959 , 
2.79812 , 
9.97906 , 
34.1377 , 
13.8102 , 
10.0352 , 
7.53751 , 
7.5097 , 
10.0054 , 
21.9705 , 
32.0632 , 
3.79299 , 
5.52795 , 
1.9871 , 
5.51103 , 
2.93919 , 
5.60142 , 
5.45655 , 
6.34229 , 
9.32932 , 
27.6251 , 
5.54183 , 
3.61263 , 
10.9522 , 
23.9878 , 
10.2595 , 
5.52726 , 
8.55332 , 
32.1367 , 
33.4811 , 
35.6506 , 
25.8684 , 
2.83622 , 
1.97969 , 
7.44076 , 
3.80379 , 
4.65931 , 
8.55138 , 
29.882 , 
3.80367 , 
7.47296 , 
45.2566 , 
2.79479 , 
4.60648 , 
35.018 , 
10.2053 , 
8.32758 , 
46.8462 , 
5.53187 , 
27.105 , 
3.59934 , 
1.99213 , 
2.80693 , 
16.7834 , 
2.81747 , 
29.053 , 
9.30343 , 
8.35913 , 
13.7224 , 
8.30133 , 
10.0762 , 
6.33051 , 
6.4367 , 
8.3028 , 
47.069 , 
4.63403 , 
35.0856 , 
8.30871 , 
8.33248 , 
17.3475 , 
5.52782 , 
5.5414 , 
4.63508 , 
11.0186 , 
1.98848 , 
12.0651 , 
8.42085 , 
10.873 , 
2.79359 , 
5.48143 , 
43.2759 , 
5.57915 , 
27.4172 , 
2.81319 , 
27.8662 , 
4.72104 , 
20.2742 , 
8.4214 , 
40.9653 , 
36.7851 , 
8.24487 , 
32.4109 , 
23.3912 , 
5.501 , 
4.66732 , 
1.98949 , 
4.56256 , 
38.2376 , 
4.69628 , 
39.418 , 
15.7242 , 
9.24904 , 
28.979 , 
13.8566 , 
13.7213 , 
46.5707 , 
16.3449 , 
1.98675 , 
40.9622 , 
42.2672 , 
4.62042 , 
5.45486 , 
5.57287 , 
9.12029 , 
5.48364 , 
28.4574 , 
40.5794 , 
5.5021 , 
4.6479 , 
31.2955 , 
2.81647 , 
4.6953 , 
7.51488 , 
31.045 , 
3.61391 , 
25.0178 , 
6.42662 , 
5.54145 , 
23.8459 , 
3.62353 , 
41.9473 , 
46.7 , 
2.78974 , 
32.2361 , 
13.8723 , 
5.48051 , 
8.30402 , 
31.1616 , 
8.23572 , 
27.1293 , 
9.26062 , 
16.3431 , 
8.30384 , 
9.1892 , 
1.99215 , 
47.6726 , 
5.49291 , 
15.4183 , 
3.60357 , 
5.53301 , 
4.65276 , 
5.55219 , 
7.57112 , 
4.72392 , 
5.50133 , 
4.66579 , 
10.9685 , 
7.45658 , 
15.7258 , 
5.46594 , 
2.80364 , 
5.44082 , 
8.43855 , 
8.52162 , 
38.3247 , 
11.1439 , 
4.66009 , 
8.26829 , 
7.53163 , 
28.543 , 
3.82298 , 
10.016 , 
7.35673 , 
9.22538 , 
39.9805 , 
18.4262 , 
4.74039 , 
30.9803 , 
2.77801 , 
5.49643 , 
11.1214 , 
2.96944 , 
4.68422 , 
4.71114 , 
9.39664 , 
8.23665 , 
7.56658 , 
47.3484 , 
2.83831 , 
19.3311 , 
11.9825 , 
4.71461 , 
34.0731 , 
5.57265 , 
10.1387 , 
4.63722 , 
41.8592 , 
9.95103 , 
13.1017 , 
2.82089 , 
5.45098 , 
3.80955 , 
9.14748 , 
47.114 , 
7.55822 , 
33.0795 , 
11.2202 , 
7.38855 , 
41.8637 , 
4.66911 , 
8.37382 , 
20.0533 , 
5.49218 , 
5.59327 , 
38.6991 , 
5.52307 , 
5.44838 , 
21.896 , 
5.47834 , 
3.81526 , 
4.72773 , 
12.0123 , 
30.16 , 
11.0935 , 
3.8452 , 
20.1875 , 
7.4871 , 
7.57141 , 
11.1082 , 
41.6491 , 
5.54009 , 
3.77612 , 
2.71926 , 
10.9458 , 
36.0626 , 
8.40394 , 
12.104 , 
3.62729 , 
4.61334 , 
42.3743 , 
10.9904 , 
8.37241 , 
4.64673 , 
34.9808 , 
4.6461 , 
9.97129 , 
43.0712 , 
5.50109 , 
29.0366 , 
2.81921 , 
21.9286 , 
2.83508 , 
5.46676 , 
5.49763 , 
10.6768 , 
4.6805 , 
3.63813 , 
3.63448 , 
28.6269 , 
13.726 , 
15.7226 , 
1.99275 , 
4.61039 , 
28.7883 , 
13.8528 , 
43.2278 , 
11.8769 , 
4.64667 , 
3.78958 , 
2.78931 , 
5.45551 , 
10.1153 , 
24.99 , 
9.29445 , 
4.61728 , 
5.49273 , 
35.0243 , 
7.32876 , 
2.76761 , 
1.99147 , 
4.67666 , 
42.5658 , 
37.7332 , 
28.9186 , 
3.6603 , 
2.81808 , 
30.3496 , 
10.9773 , 
5.55842 , 
39.1898 , 
16.5742 , 
40.8819 , 
16.4825 , 
7.50443 , 
22.669 , 
9.33936 , 
25.6114 , 
28.8069 , 
33.9862 , 
4.6438 , 
11.3001 , 
3.82734 , 
44.0708 , 
47.6832 , 
13.5917 , 
6.26454 , 
22.1198 , 
37.972 , 
8.33573 , 
10.2622 , 
4.60611 , 
3.77469 , 
7.57283 , 
8.15757 , 
7.38247 , 
26.8797 , 
4.6543 , 
10.2245 , 
30.1596 , 
9.18659 , 
43.5482 , 
12.0104 , 
5.50551 , 
5.39259 , 
8.41699 , 
5.59428 , 
4.64551 , 
5.58718 , 
28.6436 , 
3.60825 , 
2.81815 , 
9.11191 , 
28.8971 , 
24.8592 , 
4.66264 , 
5.57005 , 
5.41866 , 
2.99662 , 
15.5866 , 
12.7966 , 
5.47544 , 
29.2658 , 
7.4917 , 
22.3749 , 
3.63168 , 
11.0943 , 
31.2579 , 
4.65156 , 
3.62658 , 
29.3587 , 
10.9713 , 
7.53321 , 
11.1123 , 
17.4914 , 
22.9201 , 
3.61928 , 
3.82019 , 
45.9423 , 
27.9786 , 
30.5898 , 
11.3291 , 
17.491 , 
8.50016 , 
47.5679 , 
19.0963 , 
4.60652 , 
4.73757 , 
2.9633 , 
24.125 , 
7.38649 , 
36.4412 , 
7.50712 , 
3.5952 , 
3.6415 , 
4.54682 , 
42.9364 , 
5.60399 , 
10.9645 , 
21.4219 , 
30.3211 , 
41.5931 , 
5.52966 , 
4.60866 , 
5.51224 , 
2.85418 , 
25.719 , 
31.8753 , 
11.0061 , 
6.63189 , 
14.5997 , 
40.3825 , 
46.622 , 
5.42836 , 
11.9954 , 
5.45317 , 
9.1925 , 
8.50044 , 
28.5083 , 
38.8546 , 
8.40486 , 
12.9321 , 
4.7024 , 
13.044 , 
3.62668 , 
10.2792 , 
34.1858 , 
21.9402 , 
9.13983 , 
3.8072 , 
10.024 , 
5.4965 , 
9.97995 , 
8.37505 , 
9.28203 , 
8.38705 , 
6.48978 , 
4.69133 , 
31.9972 , 
3.60648 , 
5.37733 , 
23.8437 , 
5.54671 , 
43.1141 , 
7.52072 , 
4.55809 , 
45.1157 , 
47.2335 , 
9.17422 , 
22.2453 , 
5.4478 , 
10.3093 , 
38.3717 , 
11.1221 , 
2.83348 , 
5.53264 , 
47.0149 , 
3.78852 , 
7.42428 , 
46.8649 , 
5.60389 , 
3.60444 , 
10.0608 , 
8.33213 , 
5.54252 , 
8.49214 , 
5.52979 , 
2.80532 , 
4.69264 , 
9.21773 , 
8.3181 , 
5.50031 , 
5.48006 , 
3.81116 , 
5.49941 , 
46.9011 , 
20.8868 , 
33.5381 , 
6.62479 , 
39.5324 , 
4.63382 , 
6.36501 , 
27.3491 , 
4.70338 , 
34.0119 , 
10.2757 , 
2.80803 , 
5.4895 , 
5.4886 , 
4.65659 , 
4.69421 , 
23.2544 , 
23.8516 , 
5.56998 , 
10.0455 , 
24.5446 , 
30.5389 , 
5.61296 , 
4.58982 , 
5.40166 , 
34.081 , 
2.82853 , 
10.1159 , 
4.57114 , 
10.1805 , 
5.46051 , 
33.9178 , 
5.5379 , 
42.5396 , 
9.20617 , 
11.0649 , 
6.3721 , 
10.8958 , 
26.8315 , 
5.50126 , 
29.8129 , 
23.0573 , 
5.42707 , 
4.6469 , 
33.3409 , 
2.82878 , 
41.8304 , 
12.9684 , 
4.50003 , 
6.66568 , 
11.1357 , 
3.80389 , 
3.66208 , 
3.7905 , 
13.898 , 
4.65457 , 
9.20181 , 
3.79205 , 
4.66313 , 
5.5126 , 
5.46737 , 
5.53457 , 
17.3872 , 
3.82042 , 
4.66627 , 
29.415 , 
42.3491 , 
9.39822 , 
23.9897 , 
2.81213 , 
11.9481 , 
5.49745 , 
4.68566 , 
16.5241 , 
7.54053 , 
39.2747 , 
16.5891 , 
2.81011 , 
5.50313 , 
2.81174 , 
29.551 , 
10.9048 , 
18.3502 , 
11.8684 , 
23.6377 , 
14.8234 , 
7.55866 , 
14.7151 , 
46.6102 , 
29.0798 , 
11.9783 , 
2.81656 , 
4.65857 , 
14.8131 , 
29.4823 , 
23.189 , 
38.3309 , 
36.3967 , 
42.9851 , 
3.64232 , 
3.62398 , 
25.395 , 
5.48451 , 
36.9054 , 
4.67087 , 
29.3463 , 
5.5879 , 
25.6728 , 
4.62553 , 
7.49201 , 
11.0524 , 
2.81503 , 
14.6058 , 
7.26451 , 
14.7465 , 
5.47243 , 
22.7076 , 
5.53494 , 
46.7311 , 
2.76773 , 
26.7042 , 
9.17605 , 
37.1119 , 
23.0798 , 
5.55461 , 
7.56692 , 
9.21726 , 
46.5608 , 
10.2737 , 
30.4633 , 
10.9803 , 
41.2013 , 
6.59309 , 
11.1518 , 
10.135 , 
46.3458 , 
17.3606 , 
37.4522 , 
26.9104 , 
9.18097 , 
12.8563 , 
5.47748 , 
2.80848 , 
8.21725 , 
5.47657 , 
27.5567 , 
9.29294 , 
12.95 , 
3.81098 , 
5.52646 , 
19.3928 , 
28.8961 , 
29.6464 , 
39.9896 , 
6.35293 , 
5.54419 , 
5.44329 , 
29.0483 , 
5.50975 , 
5.41408 , 
28.4297 , 
8.54197 , 
3.77885 , 
5.55519 , 
6.51789 , 
4.69939 , 
19.4622 , 
24.035 , 
5.46272 , 
4.66176 , 
45.7535 , 
29.2972 , 
10.1541 , 
1.98203 , 
22.1782 , 
41.8391 , 
12.0253 , 
23.9396 , 
2.81315 , 
11.017 , 
4.66778 , 
5.56742 , 
14.5487 , 
7.50493 , 
4.58842 , 
3.60177 , 
5.47861 , 
35.8124 , 
30.3384 , 
5.54354 , 
2.80769 , 
5.55328 , 
11.1697 , 
41.7395 , 
14.7747 , 
5.53975 , 
30.3183 , 
21.1268 , 
34.0641 , 
3.64659 , 
17.5267 , 
36.261 , 
15.6626 , 
33.3148 , 
2.97797 , 
40.1631 , 
21.858 , 
3.64418 , 
3.63443 , 
4.60367 , 
5.59861 , 
35.9316 , 
18.43 , 
4.58822 , 
25.1391 , 
3.81955 , 
9.16605 , 
7.5987 , 
44.6767 , 
33.0183 , 
36.6238 , 
5.46208 , 
10.2243 , 
19.2759 , 
5.39241 , 
12.9257 , 
5.36574 , 
25.3266 , 
3.84086 , 
4.68462 , 
2.77937 , 
17.5425 , 
16.63 , 
19.1858 , 
10.1038 , 
42.2016 , 
3.7768 , 
24.8863 , 
4.64986 , 
8.19289 , 
4.58626 , 
24.7125 , 
9.32597 , 
2.80525 , 
11.9886 , 
19.2083 , 
5.45985 , 
3.58225 , 
3.79777 , 
27.4117 , 
4.74072 , 
29.2512 , 
22.9033 , 
32.9573 , 
6.47785 , 
10.0164 , 
8.37712 , 
5.47691 , 
39.8837 , 
5.51259 , 
46.324 , 
40.2232 , 
33.734 , 
29.412 , 
8.31343 , 
23.013 , 
2.80001 , 
24.6323 , 
5.49026 , 
41.031 , 
28.2097 , 
7.44138 , 
5.60304 , 
5.47894 , 
5.53664 , 
5.47777 , 
3.8285 , 
6.61867 , 
1.9974 , 
8.24739 , 
13.7283 , 
2.83548 , 
6.29899 , 
8.26375 , 
5.52189 , 
4.61948 , 
5.43476 , 
32.9695 , 
5.43267 , 
34.318 , 
31.6087 , 
15.5778 , 
7.46453 , 
11.0546 , 
9.29651 , 
5.50519 , 
9.24473 , 
46.7499 , 
23.1643 , 
35.0775 , 
5.53341 , 
6.57064 , 
8.41631 , 
14.6668 , 
