12.3247 , 
13.0172 , 
1.26146 , 
1.03904 , 
1.3517 , 
1.22727 , 
1.04646 , 
1.12777 , 
1.11488 , 
1.18008 , 
1.39904 , 
1.51325 , 
1.14643 , 
1.05935 , 
1.08837 , 
1.79612 , 
0.960207 , 
1.38837 , 
1.27489 , 
1.18225 , 
1.34503 , 
0.963094 , 
1.06777 , 
1.27456 , 
2.37804 , 
1.10525 , 
1.10169 , 
1.28901 , 
1.01698 , 
1.22594 , 
1.69655 , 
1.15416 , 
2.31077 , 
1.27333 , 
1.30173 , 
1.26961 , 
1.09208 , 
1.03195 , 
0.955795 , 
1.36438 , 
1.7 , 
0.954679 , 
1.5538 , 
1.03059 , 
1.02538 , 
1.02574 , 
1.12236 , 
1.14012 , 
1.20014 , 
2.18622 , 
1.19981 , 
1.56673 , 
1.83302 , 
1.08604 , 
1.08043 , 
1.53138 , 
1.63926 , 
1.13744 , 
1.26807 , 
1.09658 , 
0.979683 , 
1.78027 , 
1.09021 , 
1.02712 , 
1.47836 , 
1.37795 , 
1.61321 , 
1.12327 , 
1.21902 , 
1.1317 , 
1.69672 , 
1.35574 , 
1.32549 , 
0.971429 , 
0.949136 , 
1.55043 , 
1.34044 , 
1.60434 , 
2.06757 , 
1.20539 , 
1.92652 , 
1.06771 , 
1.74494 , 
1.42862 , 
1.09321 , 
2.75877 , 
1.21519 , 
1.74835 , 
1.59767 , 
1.60806 , 
1.09198 , 
1.11398 , 
1.39297 , 
1.24728 , 
0.970519 , 
1.4798 , 
1.08507 , 
1.46546 , 
0.965128 , 
1.38688 , 
1.0483 , 
1.26784 , 
0.974144 , 
1.42455 , 
0.946492 , 
1.08428 , 
1.2721 , 
1.14739 , 
1.88378 , 
0.965077 , 
1.37552 , 
1.36573 , 
1.17008 , 
1.3029 , 
1.12365 , 
1.13777 , 
1.45236 , 
1.21795 , 
0.933961 , 
1.25265 , 
0.971334 , 
1.35233 , 
1.04535 , 
1.07092 , 
1.85969 , 
1.09564 , 
1.6773 , 
1.33991 , 
1.11768 , 
1.27722 , 
1.23754 , 
1.09134 , 
1.25415 , 
1.17232 , 
1.00113 , 
1.04704 , 
1.00209 , 
1.0784 , 
1.62769 , 
1.0709 , 
1.1758 , 
1.60313 , 
1.10755 , 
1.07486 , 
0.972535 , 
1.84046 , 
1.15042 , 
1.14053 , 
1.18164 , 
1.12008 , 
1.06891 , 
1.02219 , 
1.25134 , 
0.970114 , 
1.499 , 
1.23431 , 
1.26136 , 
1.38612 , 
1.2039 , 
1.67385 , 
1.65031 , 
1.27975 , 
1.37559 , 
1.19034 , 
1.12665 , 
1.33823 , 
1.44684 , 
0.952673 , 
1.32715 , 
1.24127 , 
1.10257 , 
1.78219 , 
1.01104 , 
1.28812 , 
1.13029 , 
1.03015 , 
1.44075 , 
1.31883 , 
1.21154 , 
1.31978 , 
1.14343 , 
1.46896 , 
1.61541 , 
1.01807 , 
1.11669 , 
1.60269 , 
1.30417 , 
1.00486 , 
1.15427 , 
0.978992 , 
1.10521 , 
1.54076 , 
1.19784 , 
1.25062 , 
1.19508 , 
1.08118 , 
1.12968 , 
1.46953 , 
0.970742 , 
0.986294 , 
