-2.94963 , 
-6.15302 , 
-27651.6 , 
-396013 , 
-7.92034 , 
-779.391 , 
-281.799 , 
-134288 , 
-0.11154 , 
-8099.91 , 
-588.198 , 
-2.94963 , 
-3.64136 , 
-374.54 , 
-19639 , 
-1248.07 , 
-21654.9 , 
-2660.06 , 
-4822.3 , 
-11054.7 , 
-1180.36 , 
-2606.1 , 
-15527.8 , 
-32190.7 , 
-156362 , 
-8.19099 , 
-59.5193 , 
-0.227631 , 
-6.15302 , 
-1239.74 , 
-5440.82 , 
-76.1881 , 
-144186 , 
-27.0891 , 
-7836.14 , 
-7.65427 , 
-14086.7 , 
-1820.12 , 
-193879 , 
-194.971 , 
-5.68897 , 
-56811.1 , 
-32594.8 , 
-53.5608 , 
-17.2138 , 
-2232.54 , 
-7931.81 , 
-3498.4 , 
-6.39187 , 
-2174.79 , 
-2704.36 , 
-1169.36 , 
-18.0137 , 
-3392.57 , 
-3972.08 , 
-305.99 , 
-13.1386 , 
-35141.2 , 
-14.557 , 
-9.03017 , 
-11.1471 , 
-14.557 , 
-0.737504 , 
-23.6694 , 
-978.502 , 
-197.809 , 
-19.6677 , 
-133485 , 
-0.0569084 , 
-8084.17 , 
-14856 , 
-16679.1 , 
-20.522 , 
-15664.7 , 
-1220.43 , 
-54.3276 , 
-0.0204873 , 
-20.9559 , 
-5227.8 , 
-115.888 , 
-11762.8 , 
-1889.18 , 
-3807.28 , 
-7.92034 , 
-272.46 , 
-121851 , 
-11.1471 , 
-1328.48 , 
-90259.4 , 
-31496.2 , 
-3995.41 , 
-149.389 , 
-1232.76 , 
-11.1471 , 
-15.6684 , 
-261.816 , 
-15.6684 , 
-0.0819495 , 
-0.145688 , 
-329.01 , 
-9.31897 , 
-160.657 , 
-4508.17 , 
-5757.16 , 
-3168.01 , 
-3894.91 , 
-6.63525 , 
-6.88318 , 
-17.6114 , 
-4099.53 , 
-18679.6 , 
-1023.05 , 
-7.65427 , 
-1295 , 
-2.78806 , 
-6268.05 , 
-2133.39 , 
-16.4321 , 
-7992.77 , 
-0.11154 , 
-20934.5 , 
-530.898 , 
-5938.26 , 
-344.729 , 
-21467.7 , 
-4545.11 , 
-60.0966 , 
-38855.2 , 
-533.031 , 
-49338.4 , 
-0.0204873 , 
-81.8624 , 
-0.227631 , 
-3372.57 , 
-15927.3 , 
-688.92 , 
-5.02696 , 
-3534.28 , 
-262.207 , 
-1905.71 , 
-4246.22 , 
-16645.5 , 
-2458.22 , 
-2970.37 , 
-0.00227651 , 
-15874.8 , 
-107.969 , 
-0.145688 , 
-69.6134 , 
-68996.9 , 
-19.5757 , 
-0.145688 , 
-1758.72 , 
-10.2126 , 
-8900.82 , 
-9.52257 , 
-0.11154 , 
-0.582725 , 
-87160.7 , 
-378.618 , 
-18.4204 , 
-356.127 , 
-5.46377 , 
-1682.7 , 
-8086.24 , 
-77793.4 , 
-10.5077 , 
-24.4022 , 
-7.65427 , 
-23230.4 , 
-258.153 , 
-1123.4 , 
-2648.49 , 
-11.4677 , 
-3469.7 , 
-6005.65 , 
-38.3012 , 
-2485.55 , 
-5.91618e-09 , 
-410.499 , 
-15.6684 , 
-1048.28 , 
-2298.61 , 
-3328.89 , 
-3959.14 , 
-5427.52 , 
-218353 , 
-18.4204 , 
-39403.3 , 
-16.048 , 
-0.275432 , 
-2.47857 , 
-3.64136 , 
-11.4677 , 
-15.2934 , 
-1.4226 , 
-46492.6 , 
-11121.7 , 
-36680.5 , 
-30002 , 
-21.8374 , 
-71402.5 , 
-152.199 , 
-49046.4 , 
-125278 , 
-18.8579 , 
-1.10168 , 
-20.0926 , 
-355.683 , 
-11726 , 
-0.327789 , 
-2.18727 , 
-44781.3 , 
-4316.18 , 
-17254.5 , 
-12780 , 
-2.94963 , 
-411.517 , 
-3592.77 , 
-29444 , 
-1516.07 , 
-1717.12 , 
-11564.2 , 
-1.53867 , 
-2.33065 , 
-16809.1 , 
-40915.4 , 
-14.1956 , 
-0.00227651 , 
-0.910499 , 
-1.53867 , 
-3479.91 , 
-93520.4 , 
-57371.4 , 
-9.9102 , 
-6.63525 , 
-32.2819 , 
-10259.8 , 
-14.557 , 
-2708.78 , 
-275.398 , 
-1728.18 , 
-1163.8 , 
-6700.6 , 
-16.6358 , 
-575.855 , 
-2012.26 , 
-44903.6 , 
-1993.03 , 
-260.697 , 
-6.88318 , 
-13220.9 , 
-9.61232 , 
-37467.7 , 
-291.568 , 
-4514.19 , 
-0.821721 , 
-4.20791 , 
-8.46618 , 
-10.5196 , 
-483.374 , 
-0.821721 , 
-1517.53 , 
-134.088 , 
-3188.29 , 
-1.65928 , 
-2.94963 , 
-131.185 , 
-2284.08 , 
-112.644 , 
-12.4566 , 
-12.7953 , 
-56.683 , 
-187815 , 
-1586.27 , 
-532.969 , 
-22596 , 
-108.615 , 
-5054.69 , 
-7.13567 , 
-73417 , 
-1662.11 , 
-2.04847 , 
-4152.69 , 
-79.6833 , 
-5.46377 , 
-4.40586 , 
-2147.67 , 
-139.41 , 
-2.04847 , 
-1682.2 , 
-9.31897 , 
-85583.5 , 
-4.81538 , 
-6879.05 , 
-76167.2 , 
-711.113 , 
-33851.6 , 
-259.823 , 
-126.5 , 
-1.00381 , 
-5531.96 , 
-16.3678 , 
-0.184382 , 
-22.2849 , 
-200.969 , 
-281.603 , 
-4.20791 , 
-11.7928 , 
-70.0442 , 
-29710.2 , 
-2.63105 , 
-18762.6 , 
-398.381 , 
-491.224 , 
-157448 , 
-0.184382 , 
-16.8206 , 
-15652.3 , 
-14.9229 , 
-20.9559 , 
-2.78806 , 
-5.91872 , 
-56384.4 , 
-314.606 , 
-0.275432 , 
-3.11574 , 
-6077.93 , 
-253.272 , 
-7.39269 , 
-23336.2 , 
-173.203 , 
-51.2672 , 
-125984 , 
-1778.62 , 
-1823.48 , 
-345.564 , 
-36539.2 , 
-8.19099 , 
-47574.6 , 
-29410 , 
-11767.8 , 
-30038.1 , 
-23982.7 , 
-2073.33 , 
-0.11154 , 
-156321 , 
-13261.5 , 
-20178.3 , 
-23673.5 , 
-113142 , 
-77796.9 , 
-50363.4 , 
-12.7953 , 
-269.952 , 
-19387.4 , 
-3292.11 , 
-9051.85 , 
-5.91872 , 
-8.74588 , 
-17.2138 , 
-1.4226 , 
-27429.6 , 
-20711.5 , 
-3024.2 , 
-5.02696 , 
-6.39187 , 
-6.88318 , 
-2.63105 , 
-25366 , 
-21619.9 , 
-20.522 , 
-101.554 , 
-113.374 , 
-182.541 , 
-45824.1 , 
-1003.57 , 
-1.65928 , 
-2173.25 , 
-40272 , 
-9.61232 , 
-64035.8 , 
-1.2041 , 
-16.9885 , 
-12349.1 , 
-3663.38 , 
-0.275432 , 
-4622.86 , 
-123866 , 
-264.619 , 
-3989.76 , 
-16.048 , 
-19.2474 , 
-4.40586 , 
-14.1956 , 
-0.00910553 , 
-0.737504 , 
-0.31538 , 
-13.1386 , 
-3.82567 , 
-16.048 , 
-33149.9 , 
-1630.03 , 
-11451.4 , 
-472.205 , 
-108.098 , 
-18.0137 , 
-1544.29 , 
-35256.9 , 
-77696.8 , 
-29669.4 , 
-530.295 , 
-68.5876 , 
-41176.4 , 
-160.931 , 
-26682.4 , 
-242.192 , 
-0.657834 , 
-38504.9 , 
-11.1471 , 
-48157 , 
-4.81538 , 
-509.458 , 
-37618.7 , 
-68.6063 , 
-5.91872 , 
-3.28641 , 
-908.226 , 
-2782.71 , 
-55.0655 , 
-504.748 , 
-525.713 , 
-14.9229 , 
-472.941 , 
-2.04847 , 
-20447.2 , 
-1.53867 , 
-20.522 , 
-61353.2 , 
-30359.5 , 
-384.132 , 
-268.014 , 
-1829.97 , 
-2.04847 , 
-943.182 , 
-1.78447 , 
-0.11154 , 
-2696.87 , 
-3596.38 , 
-420.489 , 
-447.828 , 
-17.6114 , 
-0.512165 , 
-42096.5 , 
-12925.1 , 
-7.39269 , 
-7.65427 , 
-21019.3 , 
-486.646 , 
-20556.3 , 
-272.676 , 
-16484.4 , 
-163.721 , 
-22.2849 , 
-29.3058 , 
-5.91872 , 
-58320.5 , 
-5.91872 , 
-42440.6 , 
-0.327789 , 
-57.0841 , 
-7.92034 , 
-7.65427 , 
-213.252 , 
-69595.5 , 
-188.956 , 
-12.7953 , 
-7238.45 , 
-18.0137 , 
-4.47587 , 
-1868.42 , 
-853.395 , 
-8.74588 , 
-3261.47 , 
-4.01453 , 
-755.017 , 
-225.926 , 
-21.3944 , 
-10.8311 , 
-0.227631 , 
-9741.05 , 
-1968.83 , 
-372.854 , 
-24036.5 , 
-13.4864 , 
-5.24309 , 
-26514 , 
-5825.26 , 
-19570.2 , 
-1.00381 , 
-0.227631 , 
-75846.2 , 
-14109 , 
-10.2126 , 
-0.184382 , 
-79460.5 , 
-33751.5 , 
-8606.39 , 
-346.215 , 
-1.10168 , 
-4.60835 , 
-13.1386 , 
-1684.19 , 
-0.512165 , 
-1.78447 , 
-124.165 , 
-3.28641 , 
-14.9229 , 
-69796.4 , 
-20.0926 , 
-111325 , 
-3928.67 , 
-256573 , 
-20.522 , 
-30997 , 
-60497.4 , 
-105361 , 
-8977.85 , 
-92.3874 , 
-14.0488 , 
-72.319 , 
-0.00910553 , 
-22.6678 , 
-3.11574 , 
-7.39269 , 
-924.714 , 
-271.728 , 
-659.829 , 
-73.0231 , 
-4.01453 , 
-76740.2 , 
-236.018 , 
-20326.9 , 
-16703.9 , 
-672.622 , 
-12.7953 , 
-82227.2 , 
-24526.3 , 
-7.39269 , 
-0.0204873 , 
-121.474 , 
-11.9387 , 
-6.63525 , 
-17.6114 , 
-24.0996 , 
-142334 , 
-99.7806 , 
-16.4321 , 
-9355.52 , 
-0.0819495 , 
-12.7953 , 
-1249.67 , 
-7633.78 , 
-79200.5 , 
-6322.85 , 
-13.8387 , 
-6657.15 , 
-12.4566 , 
-1122.21 , 
-30118.7 , 
-13.8387 , 
-60422 , 
-44621.8 , 
-72670 , 
-10356.4 , 
-12.1224 , 
-99070.7 , 
-14.557 , 
-94.0877 , 
-10741.4 , 
-10771.1 , 
-13.1386 , 
-2474.22 , 
-4.40586 , 
-8100.19 , 
-962.584 , 
-0.582725 , 
-37435.5 , 
-104061 , 
-21.8374 , 
-7241.44 , 
-13.1386 , 
-52.8622 , 
-59902.5 , 
-140.122 , 
-15.2934 , 
-2075.63 , 
-3026.06 , 
-0.0204873 , 
-1614.95 , 
-46968.5 , 
-4.60835 , 
-121.692 , 
-19.2474 , 
-8530.31 , 
-0.184382 , 
-1.65928 , 
-87.2688 , 
-0.657834 , 
-21212.5 , 
-0.227631 , 
-15.0028 , 
-5.91618e-09 , 
-11.1471 , 
-30.186 , 
-8024.44 , 
-11413.6 , 
-4.81538 , 
-22.2849 , 
-5491.44 , 
-1273.3 , 
-65366.3 , 
-458.58 , 
-238.207 , 
-25918.3 , 
-16.048 , 
-2.94963 , 
-41354.4 , 
-1499.79 , 
-16.4321 , 
-38982 , 
-637.427 , 
-0.275432 , 
-12.7953 , 
-23.7397 , 
-4706.24 , 
-22.2849 , 
-83604.6 , 
-2.33065 , 
-11868 , 
-4692.89 , 
-4707.68 , 
-6.15302 , 
-13.5835 , 
-555.517 , 
-16.8206 , 
-6227.07 , 
-18881.5 , 
-5.24309 , 
-22194.4 , 
-8.46618 , 
-2350.78 , 
-3474.75 , 
-0.512165 , 
-20.9559 , 
-44.3653 , 
-1685.64 , 
-2366.94 , 
-7112.53 , 
-0.384695 , 
-3.11574 , 
-18321.2 , 
-7137.7 , 
-14.1956 , 
-112.827 , 
-8.74588 , 
-9969.88 , 
-1844.02 , 
-18.0137 , 
-14264.8 , 
-39686.5 , 
-25.8131 , 
-4.01453 , 
-4.40586 , 
-2452.38 , 
-5213.27 , 
-270245 , 
-9.61232 , 
-2270.57 , 
-6027.96 , 
-15984.8 , 
-25098.9 , 
-5.91618e-09 , 
-8.74588 , 
-216.637 , 
-9034.53 , 
-11566.6 , 
-0.384695 , 
-309.403 , 
-105711 , 
-0.00910553 , 
-197636 , 
-913.461 , 
-4865.39 , 
-13072.6 , 
-16440.2 , 
-1.2041 , 
-19.6677 , 
-1.91419 , 
-25750.4 , 
-9.31897 , 
-2373.68 , 
-2.04847 , 
-8859.06 , 
-562.638 , 
-8.19099 , 
-15671.9 , 
-6420.59 , 
-120.176 , 
-256141 , 
-5.46377 , 
-650.261 , 
-35287.3 , 
-1.53867 , 
-781.498 , 
-0.821721 , 
-100.362 , 
-29442.2 , 
-35.8172 , 
-0.512165 , 
-3483.22 , 
-1.02053 , 
-2.63105 , 
-287.586 , 
-824.934 , 
-24045.4 , 
-6324.61 , 
-261.994 , 
-34606.5 , 
-12.1224 , 
-1.10168 , 
-4.20791 , 
-439.723 , 
-117.903 , 
-54.9045 , 
-16933.4 , 
-1.4226 , 
-385.256 , 
-1.91419 , 
-17.6114 , 
-13.8387 , 
-313.06 , 
-4146.14 , 
-9.61232 , 
-4995.06 , 
-4.40586 , 
-5.91872 , 
-1517.82 , 
-11.7928 , 
-833.059 , 
-3202.74 , 
-16.4321 , 
-6508.95 , 
-45457.2 , 
-3791.44 , 
-0.145688 , 
-30311.2 , 
-15.2934 , 
-1133.98 , 
-216.258 , 
-4618.59 , 
-3.4616 , 
-42.4459 , 
-48957.2 , 
-8.46618 , 
-32681.7 , 
-9966.27 , 
-25090.1 , 
-104092 , 
-1982.92 , 
-64.6466 , 
-1009.99 , 
-2.18727 , 
-12.1224 , 
-16465.1 , 
-0.512165 , 
-19932.6 , 
-7.65427 , 
-474943 , 
-64275.1 , 
-4127.81 , 
-0.737504 , 
-28.6837 , 
-442.294 , 
-13.2168 , 
-3699.49 , 
-37953.6 , 
-22085.4 , 
-0.446153 , 
-16.8206 , 
-19.6677 , 
-361.959 , 
-5.02696 , 
-19708.3 , 
-33661.2 , 
-0.227631 , 
-41.2763 , 
-16298.8 , 
-3181.02 , 
-46348.7 , 
-52054.8 , 
-0.737504 , 
-209.087 , 
-6353.02 , 
-1.4226 , 
-0.512165 , 
-5.24309 , 
-10.2126 , 
-0.0364211 , 
-1551.53 , 
-910.266 , 
-14702.8 , 
-4.40586 , 
-386.44 , 
-6305 , 
-5.91872 , 
-9.9102 , 
-3707.82 , 
-0.145688 , 
-261969 , 
-55637.7 , 
-21.8374 , 
-4153.76 , 
-0.0204873 , 
-42392.3 , 
-4.20791 , 
-5740.72 , 
-38750.6 , 
-287.289 , 
-66.1784 , 
-5.91872 , 
-70.6348 , 
-30967.6 , 
-9718.82 , 
-26.9552 , 
-4.40586 , 
-12496.9 , 
-1387.08 , 
-12.4566 , 
-62923.7 , 
-227.006 , 
-1.00381 , 
-21.8374 , 
-3467.09 , 
-404.374 , 
-12.7953 , 
-1030.85 , 
-4295.6 , 
-4455.71 , 
-49.292 , 
-2.18727 , 
-47333.7 , 
-51874.6 , 
-30.3225 , 
-1091.44 , 
-1.78447 , 
-895.864 , 
-30118.4 , 
-0.327789 , 
-9.03017 , 
-99145.7 , 
-1622.3 , 
-4.60835 , 
-102.745 , 
-6349.2 , 
-19.6677 , 
-9.9102 , 
-200147 , 
-13.8387 , 
-2669.79 , 
-9.61232 , 
-8.19099 , 
-19.6677 , 
-7249.64 , 
-773.229 , 
-21.0771 , 
-37.95 , 
-64129.5 , 
-20.522 , 
-2.04847 , 
-0.737504 , 
-0.0204873 , 
-79.8522 , 
-94.8897 , 
-20.522 , 
-7.13567 , 
-2.04847 , 
-3323.71 , 
-11.7928 , 
-7.37585 , 
-7211.31 , 
-4.81538 , 
-3512.32 , 
-24.7216 , 
-16.4321 , 
-3511.84 , 
-17467 , 
-379.805 , 
-3358.65 , 
-15444.6 , 
-1.78447 , 
-15.2934 , 
-302.166 , 
-0.582725 , 
-9.61232 , 
-16.8206 , 
-1658.84 , 
-20.0926 , 
-0.446153 , 
-3.11574 , 
-390.21 , 
-18.4204 , 
-5154.24 , 
-16.048 , 
-19.4944 , 
-10.5196 , 
-7182.78 , 
-3674.82 , 
-54029 , 
-16697.4 , 
-0.0819495 , 
-40663.6 , 
-305.523 , 
-1164.1 , 
-5650.65 , 
-1381.68 , 
-0.227631 , 
-21521.5 , 
-0.512165 , 
-8.74588 , 
-12.1224 , 
-23619.9 , 
-233129 , 
-126688 , 
-7.13567 , 
-16.048 , 
-1831.95 , 
-356.046 , 
-25553.6 , 
-8540.28 , 
-10.5196 , 
-2.47857 , 
-1203.66 , 
-98.8412 , 
-19.2474 , 
-35.0322 , 
-2456.67 , 
-12.7953 , 
-0.0364211 , 
-17533.9 , 
-26683 , 
-17795.2 , 
-100.288 , 
-586.439 , 
-13329.5 , 
-3.4616 , 
-227.068 , 
-2617.23 , 
-1653.04 , 
-27734.4 , 
-153.723 , 
-107.585 , 
-251.605 , 
-2790.6 , 
-11.2073 , 
-14660 , 
-951.883 , 
-526.43 , 
-1.31108 , 
-66607.8 , 
-21.8374 , 
-2701.05 , 
-0.0204873 , 
-16.4321 , 
-3172.08 , 
-13705.6 , 
-9.61232 , 
-939.386 , 
-11201 , 
-9.61232 , 
-254288 , 
-930.797 , 
-0.737504 , 
-145070 , 
-0.910499 , 
-1129.86 , 
-11312.1 , 
-6.39187 , 
-17.6114 , 
-1.53867 , 
-10915.2 , 
-12.1224 , 
-0.184382 , 
-844.43 , 
-7.13567 , 
-3.11574 , 
-753.065 , 
-4221.5 , 
-473.793 , 
-18.4204 , 
-4.81538 , 
-10.2126 , 
-19.2474 , 
-6.15302 , 
-72417.9 , 
-1119.92 , 
-222.71 , 
-89.5215 , 
-40017.6 , 
-4147.9 , 
-26284 , 
-2.47857 , 
-0.275432 , 
-1.10168 , 
-20.0926 , 
-881.457 , 
-8805.16 , 
-13720.4 , 
-28.2337 , 
-982.598 , 
-133562 , 
-74.3766 , 
-33468.9 , 
-13181.3 , 
-18.4204 , 
-28.6932 , 
-19.6677 , 
-6085.7 , 
-0.446153 , 
-21651.7 , 
-30614.4 , 
-28316.2 , 
-12908.7 , 
-1.65928 , 
-242965 , 
-2944.63 , 
-5879.8 , 
-5969.55 , 
-698.791 , 
-12013.2 , 
-6.88318 , 
-1657.37 , 
-5810.92 , 
-1.00381 , 
-11414 , 
-22.2849 , 
-20917.8 , 
-0.512165 , 
-1963.45 , 
-10.5196 , 
-456.23 , 
-0.327789 , 
-12.4566 , 
-5539.88 , 
-1452.76 , 
-46.3405 , 
-5.02696 , 
-0.657834 , 
-16820.2 , 
-11415.1 , 
-5.91618e-09 , 
-2027.71 , 
-7.39269 , 
-0.0569084 , 
-200.169 , 
-2.33065 , 
-1187.77 , 
-6111.2 , 
-18677.3 , 
-9175.93 , 
-60962.3 , 
-19.6677 , 
-12753.7 , 
-10333.1 , 
-2691.42 , 
-4631.02 , 
-186.81 , 
-21.3944 , 
-43.4086 , 
-7.13567 , 
-1.65928 , 
-6556.58 , 
-1120.75 , 
-63.0868 , 
-599.855 , 
-6.63525 , 
-4.81538 , 
-156683 , 
-2365.2 , 
-49794.5 , 
-3962.91 , 
-1341.82 , 
-7.39269 , 
-19635.3 , 
-18.4488 , 
-11.1471 , 
-18.0137 , 
-997.663 , 
-8811.91 , 
-27.326 , 
-6.92576 , 
-1709.7 , 
-890.841 , 
-744.577 , 
-41582.8 , 
-182.979 , 
-9.9102 , 
-8.19099 , 
-4.01453 , 
-9.9102 , 
-1.10168 , 
-244.743 , 
-7.92034 , 
-0.00910553 , 
-172120 , 
-101951 , 
-2788.42 , 
-20.1547 , 
-21921.1 , 
-131.661 , 
-725.77 , 
-410.409 , 
-0.0819495 , 
-304.59 , 
-0.582725 , 
-21.3944 , 
-3102.9 , 
-1049.86 , 
-19.8666 , 
-11724.5 , 
-11.7928 , 
-3503.26 , 
-8.74588 , 
-200.824 , 
-10.2126 , 
-15.2934 , 
-15796 , 
-1795.4 , 
-203.456 , 
-16832.7 , 
-4.81538 , 
-7.39269 , 
-19378.4 , 
-62.2547 , 
-36182.6 , 
-106.815 , 
-12.7953 , 
-16.048 , 
-37414.7 , 
-7.92034 , 
-8329.99 , 
-3058.45 , 
-14566.2 , 
-0.327789 , 
-14.9229 , 
-4032.67 , 
-3732.32 , 
-454.245 , 
-59.0029 , 
-14199 , 
-8839.52 , 
-6.39187 , 
-16.7591 , 
-17515.6 , 
-929 , 
-4267.01 , 
-303.796 , 
-76521.4 , 
-75213.3 , 
-14262.4 , 
-6.88318 , 
-816.175 , 
-59368 , 
-23100.2 , 
-0.737504 , 
-71.6341 , 
-18.4204 , 
-1132.64 , 
-10599 , 
-12.4566 , 
-70809.1 , 
-1054.4 , 
-18.0768 , 
-123.644 , 
-2142.58 , 
-375.621 , 
-2.33065 , 
-6.15302 , 
-5269.01 , 
-15.2934 , 
-21328.3 , 
-0.657834 , 
-568.577 , 
-7237.04 , 
-69824.2 , 
-3205.04 , 
-134818 , 
-11899.8 , 
-15786.5 , 
-38885.2 , 
-0.910499 , 
-41.5129 , 
-2.47857 , 
-8.19099 , 
-0.384695 , 
-5527 , 
-1.31108 , 
-95.6574 , 
-7524.77 , 
-10985.5 , 
-13739.6 , 
-431.005 , 
-90304.8 , 
-7.94012 , 
-57.1419 , 
-2663.04 , 
-3.64136 , 
-4109.36 , 
-62527.3 , 
-9.03017 , 
-4.40586 , 
-1938.44 , 
-3.11574 , 
-219.231 , 
-0.657834 , 
-62.9855 , 
-3474.06 , 
-2144.76 , 
-4.01453 , 
-6012.28 , 
-1615.52 , 
-1.91419 , 
-146002 , 
-18.8317 , 
-14788.1 , 
-324234 , 
-7198.37 , 
-10579.2 , 
-60.8419 , 
-0.737504 , 
-19391.2 , 
-300604 , 
-1055.49 , 
-19.6677 , 
-21.3944 , 
-94.6398 , 
-50447.8 , 
-68.382 , 
-60.091 , 
-1.91419 , 
-140.991 , 
-17760.1 , 
-8429.86 , 
-16.4321 , 
-37521.6 , 
-246.851 , 
-21218.9 , 
-8.74588 , 
-0.145688 , 
-7839.11 , 
-190834 , 
-7.92034 , 
-24557.3 , 
-963.302 , 
-3755.87 , 
-359.602 , 
-463.643 , 
-7.39269 , 
-2.47857 , 
-10734.7 , 
-0.910499 , 
-42469.2 , 
-9.61232 , 
-3299.44 , 
-5165.56 , 
-42032.9 , 
-1284.45 , 
-9195.29 , 
-663.854 , 
-5237.23 , 
-3.4616 , 
-9.61232 , 
-3616.43 , 
-30.1986 , 
-1.00381 , 
-13776.8 , 
-60.1749 , 
-11.7012 , 
-4.60835 , 
-477.487 , 
-34959.7 , 
-1.78447 , 
-1239.68 , 
-3884.11 , 
-7.39269 , 
-841.693 , 
-5.91872 , 
-49.1509 , 
-7.65427 , 
-14.9229 , 
-3.11574 , 
-0.0204873 , 
-295.8 , 
-18.8317 , 
-28.3595 , 
-2379.4 , 
-14202.4 , 
-15.2934 , 
-2900.06 , 
-32136.5 , 
-128.84 , 
-7222.98 , 
-7.39269 , 
-19.2474 , 
-6572.97 , 
-666.363 , 
-13973.7 , 
-202.994 , 
-8.19099 , 
-22104.9 , 
-2834.12 , 
-1.53867 , 
-17088.2 , 
-48387.9 , 
-5279.26 , 
-6701.29 , 
-30206.9 , 
-83778.4 , 
-4.81538 , 
-173.243 , 
-163.736 , 
-14572 , 
-0.145688 , 
-2781.95 , 
-8464.48 , 
-5.91872 , 
-98.8329 , 
-32.2934 , 
-97212.4 , 
-10199 , 
-345.897 , 
-2771.27 , 
-13.8122 , 
-3781.52 , 
-54741.9 , 
-253.797 , 
-591.215 , 
-8037.77 , 
-171855 , 
-11118.5 , 
-2.78806 , 
-6929.62 , 
-14.9229 , 
-22.2849 , 
-1860.89 , 
-256.601 , 
-2829.32 , 
-0.145688 , 
-486.334 , 
-6.39187 , 
-0.910499 , 
-20.0926 , 
-66959.1 , 
-6.88318 , 
-1.91419 , 
-522.689 , 
-6175.41 , 
-1811.39 , 
-7.65427 , 
-196515 , 
-7.13567 , 
-284.74 , 
-831.469 , 
-51299.9 , 
-1725.64 , 
-109.93 , 
-68094.8 , 
-6122.67 , 
-29.4038 , 
-350.99 , 
-5043.05 , 
-359.092 , 
-9406.35 , 
-80175.6 , 
-13287.5 , 
-65516 , 
-5.91872 , 
-3.11574 , 
-141.414 , 
-17.5681 , 
-40304.1 , 
-15345.5 , 
-59113.6 , 
-31226.4 , 
-7.92034 , 
-868.565 , 
-31387.2 , 
-203.812 , 
-1504.94 , 
-1809.85 , 
-37958.3 , 
-2.78806 , 
-14.9229 , 
-13309.6 , 
-246.007 , 
-42.5802 , 
-4.20791 , 
-22.2849 , 
-158.447 , 
-14.557 , 
-1223.85 , 
-18.8317 , 
-1578.97 , 
-289.186 , 
-239901 , 
-5897.66 , 
-28.2784 , 
-5.68897 , 
-38202.8 , 
-84627.5 , 
-6497.91 , 
-835.971 , 
-17.2138 , 
-4.40586 , 
-34883.8 , 
-11.209 , 
-81811 , 
-65.2923 , 
-4.40586 , 
-182.745 , 
-0.446153 , 
-2.63105 , 
-152733 , 
-9225.61 , 
-21.3944 , 
-35176.2 , 
-220311 , 
-2895.43 , 
-8.19099 , 
-8.19099 , 
-1.31108 , 
-7.39269 , 
-1.91419 , 
-2113.65 , 
-239.46 , 
-9008.49 , 
-656.529 , 
-9310.5 , 
-65.4416 , 
-1187.3 , 
-65882.8 , 
-6233.24 , 
-17.2138 , 
-702.059 , 
-2.78806 , 
-8.46618 , 
-6220.26 , 
-0.00910553 , 
-14686.3 , 
-12.7953 , 
-0.910499 , 
-117.708 , 
-2854.77 , 
-29507.9 , 
-29.1181 , 
-75874.9 , 
-1621.39 , 
-15700.2 , 
-376415 , 
-23269.2 , 
-14.557 , 
-19.6677 , 
-5171.68 , 
-1.31108 , 
-112.956 , 
-4536.35 , 
-718115 , 
-6295.53 , 
-40850.2 , 
-2.47857 , 
-5.02696 , 
-4190.43 , 
-411.696 , 
-404.846 , 
-6663.33 , 
-11.1471 , 
-150241 , 
-2.78806 , 
-4227.1 , 
-1.10168 , 
-982.094 , 
-5691.42 , 
-4661.5 , 
-112.43 , 
-23.6349 , 
-0.11154 , 
-42.3852 , 
-17.2138 , 
-6.88318 , 
-7.65427 , 
-102585 , 
-100645 , 
-1.10168 , 
-1540.08 , 
-31596.7 , 
-509.775 , 
-5946.27 , 
-980.228 , 
-63768.8 , 
-6252.04 , 
-17725.1 , 
-7910.13 , 
-722.52 , 
-27.1475 , 
-6159.24 , 
-1464.25 , 
-277773 , 
-467.977 , 
-12022.1 , 
-1064.15 , 
-4943.95 , 
-256.038 , 
-31185.9 , 
-49.7069 , 
-6.88318 , 
-84995.1 , 
-1.91419 , 
-3.4616 , 
-42.8077 , 
-7.39269 , 
-2.01376 , 
-1.31108 , 
-12.7953 , 
-0.327789 , 
-95.5599 , 
-13905.6 , 
-10.2126 , 
-6062.47 , 
-1191.96 , 
-21480.9 , 
-28246.1 , 
-90583.2 , 
-19.6796 , 
-104086 , 
-1.91419 , 
-323.747 , 
-851.193 , 
-356.539 , 
-21283.8 , 
-2102.23 , 
-0.384695 , 
-28.9386 , 
-10497.8 , 
-925.948 , 
-1310.55 , 
-58894.9 , 
-2486.46 , 
-10294.2 , 
-50756 , 
-24.5331 , 
-297.632 , 
-29.0649 , 
-227080 , 
-120.122 , 
-714.545 , 
-1821.48 , 
-57.1278 , 
-11.5658 , 
-18.4204 , 
-0.446153 , 
-11.4677 , 
-30765 , 
-0.0204873 , 
-1407.38 , 
-2203.53 , 
-110521 , 
-6.39187 , 
-17.6114 , 
-0.227631 , 
-10320.4 , 
-16.048 , 
-10696.9 , 
-975.151 , 
-1818.04 , 
-349.933 , 
-21.8374 , 
-52192.3 , 
-140045 , 
-0.384695 , 
-33558.3 , 
-6.63525 , 
-954.63 , 
-121874 , 
-242.662 , 
-10163.9 , 
-2158.95 , 
-8333.7 , 
-198.871 , 
-12.7953 , 
-49617.9 , 
-20.522 , 
-0.0569084 , 
-11985 , 
-82435.2 , 
-17.2138 , 
-9145.25 , 
-16.3189 , 
-12.1224 , 
-5116.27 , 
-3095.44 , 
-1.91419 , 
-399.628 , 
-0.657834 , 
-611.39 , 
-12.7291 , 
-3468.03 , 
-1.31108 , 
-399.045 , 
-6.63525 , 
-4.20791 , 
-1539.78 , 
-226.159 , 
-42191.9 , 
-2.47857 , 
-0.737504 , 
-0.657834 , 
-2564.29 , 
-1.4226 , 
-5291.54 , 
-58301.5 , 
-9.9102 , 
-656900 , 
-2027.52 , 
-543.676 , 
-9065.47 , 
-7446.2 , 
-1263.01 , 
-5769.09 , 
-2.33065 , 
-6.63525 , 
-35053.5 , 
-576.434 , 
-1.65928 , 
-5.91872 , 
-3259.26 , 
-35341.8 , 
-22256 , 
-94.6438 , 
-12642.3 , 
-382.38 , 
-11950.3 , 
-17444.2 , 
-0.00910553 , 
-0.0204873 , 
-214082 , 
-129154 , 
-195.632 , 
-2.33065 , 
-21.3944 , 
-10546.3 , 
-5.02696 , 
-13.4864 , 
-10674.7 , 
-23176.2 , 
-66788 , 
-1078.07 , 
-184648 , 
-13.1386 , 
-2.04847 , 
-4.20791 , 
-22158.4 , 
-0.0364211 , 
-3370.82 , 
-150.245 , 
-6202.19 , 
-164711 , 
-3603.56 , 
-2.63105 , 
-11.7928 , 
-20.0926 , 
-20.522 , 
-1595.54 , 
-3.28641 , 
-180585 , 
-718.646 , 
-44204.6 , 
-328.28 , 
-43.4483 , 
-11.1471 , 
-139900 , 
-51738.3 , 
-17.6114 , 
-3.28641 , 
-9.61232 , 
-36541 , 
-2.47857 , 
-19.6677 , 
-15077.7 , 
-0.0569084 , 
-549.519 , 
-377.368 , 
-11.1259 , 
-10.8311 , 
-44.9526 , 
-20.522 , 
-1709.2 , 
-26315.5 , 
-2060.65 , 
-98169.8 , 
-9.61232 , 
-3121.08 , 
-62029.1 , 
-9606.41 , 
-11158 , 
-4.70368 , 
-12.1224 , 
-1007.83 , 
-10.5196 , 
-1067.96 , 
-6790.99 , 
-972.891 , 
-937.179 , 
-1.78447 , 
-7467.67 , 
-3895.04 , 
-10284.7 , 
-365.044 , 
-15.7649 , 
-905.036 , 
-419.096 , 
-0.910499 , 
-100016 , 
-7080.86 , 
-22.2849 , 
-19.6677 , 
-8373.97 , 
-5335.13 , 
-0.512165 , 
-0.910499 , 
-13.3174 , 
-2877.9 , 
-16704.8 , 
-24.8926 , 
-65.0747 , 
-2.63105 , 
-0.184382 , 
-19.392 , 
-52618.2 , 
-18572.6 , 
-10215 , 
-107044 , 
-53.3289 , 
-21364.4 , 
-4009.77 , 
-1276.16 , 
-438.767 , 
-1.2041 , 
-191057 , 
-8570.94 , 
-122851 , 
-8.46618 , 
-11426.9 , 
-224503 , 
-0.145688 , 
-1.2041 , 
-83240.6 , 
-20.9559 , 
-123.767 , 
-66177.7 , 
-18234.1 , 
-208.987 , 
-0.0204873 , 
-529.563 , 
-2290.21 , 
-16.8206 , 
-805.516 , 
-0.227631 , 
-189.154 , 
-1.78447 , 
-10.2126 , 
-232.924 , 
-204281 , 
-51052.2 , 
-378.399 , 
-215675 , 
-284.764 , 
-37993.5 , 
-12536.5 , 
-12.7953 , 
-34731.9 , 
-48.4522 , 
-0.910499 , 
-21.8374 , 
-213.172 , 
-235.186 , 
-10592 , 
-2662.26 , 
-31928.3 , 
-0.327789 , 
-0.00910553 , 
-55.0801 , 
-162.773 , 
-14.557 , 
-199.634 , 
-633.1 , 
-0.184382 , 
-75377.8 , 
-644.564 , 
-3490.95 , 
-109.266 , 
-1293.42 , 
-28231.4 , 
-19961.4 , 
-8.46618 , 
-5259.71 , 
-7977.9 , 
-3838.25 , 
-6.63525 , 
-11.1471 , 
-641.837 , 
-1057.55 , 
-11.7928 , 
-1016.06 , 
-3833.99 , 
-7631.89 , 
-707.973 , 
-2282.85 , 
-0.00910553 , 
-12990.9 , 
-200.159 , 
-2130.58 , 
-16.048 , 
-4.40586 , 
-0.0569084 , 
-16.048 , 
-38466 , 
-5.46377 , 
-5.46377 , 
-6019.37 , 
-1330.06 , 
-1675.55 , 
-760.612 , 
-730.557 , 
-981.817 , 
-10.8311 , 
-0.910499 , 
-1165.22 , 
-123518 , 
-73.9842 , 
-3.4616 , 
-14907.3 , 
-18.8317 , 
-24813.1 , 
-1377.29 , 
-1337.31 , 
-5522.08 , 
-68.0569 , 
-729.142 , 
-10061.2 , 
-4.60835 , 
-0.145688 , 
-46482.6 , 
-11.1471 , 
-43564.9 , 
-171.05 , 
-7716.27 , 
-22404.4 , 
-20.9559 , 
-21783.3 , 
-1.65928 , 
-257212 , 
-59.5557 , 
-9973.2 , 
-13848.3 , 
-290.947 , 
-6.39187 , 
-10578.3 , 
-10.5196 , 
-12.7953 , 
-244.164 , 
-9.9102 , 
-516.311 , 
-36094.3 , 
-1926.69 , 
-18.0137 , 
-4.01453 , 
-10980.5 , 
-109271 , 
-100026 , 
-24597.9 , 
-285.395 , 
-1759.97 , 
-18.0137 , 
-33097.2 , 
-170.939 , 
-9372.94 , 
-13.1386 , 
-998.038 , 
-257.885 , 
-1.31108 , 
-1261.56 , 
-208713 , 
-5.24309 , 
-15.6684 , 
-7121.99 , 
-13.8387 , 
-0.0569084 , 
-2017.96 , 
-5943.87 , 
-553.133 , 
-1859.6 , 
-30105.1 , 
-5.46377 , 
-12.1224 , 
-22.2849 , 
-11773 , 
-15.6684 , 
-0.145688 , 
-4.01453 , 
-1.53867 , 
-11066 , 
-1011.99 , 
-1246.82 , 
-126.316 , 
-0.582725 , 
-1242.31 , 
-0.184382 , 
-21.8374 , 
-1856.51 , 
-1.65928 , 
-25.4356 , 
-4.20791 , 
-10.5196 , 
-8.46618 , 
-6.88318 , 
-14.557 , 
-11515.2 , 
-243759 , 
-20.9559 , 
-13.4864 , 
-1733.01 , 
-139.01 , 
-16.4321 , 
-2.33065 , 
-203.374 , 
-13519.6 , 
-275.837 , 
-670.953 , 
-78295.8 , 
-20.9559 , 
-4.40586 , 
-22246 , 
-0.821721 , 
-3340.01 , 
-62425.6 , 
-6.39187 , 
-339.017 , 
-2.94963 , 
-10.8667 , 
-1205.86 , 
-24867.2 , 
-72896.8 , 
-17.0993 , 
-8.4225 , 
-21.8374 , 
-3.64136 , 
-14.1956 , 
-1980.39 , 
-1731.19 , 
-869.238 , 
-430.573 , 
-0.821721 , 
-20.522 , 
-0.11154 , 
-4799.06 , 
-370.806 , 
-6015.73 , 
-3901.85 , 
-123.385 , 
-7.13567 , 
-2659.07 , 
-215.865 , 
-2254.87 , 
-22.2849 , 
-0.821721 , 
-2390.82 , 
-6.15302 , 
-931.338 , 
-30410.1 , 
-13561.5 , 
-120246 , 
-29.4072 , 
-1.10168 , 
-24969.2 , 
-5262.28 , 
-576.748 , 
-1249.88 , 
-6469.61 , 
-812.7 , 
-3485.22 , 
-38125.9 , 
-96054.5 , 
-14.9229 , 
-13780.8 , 
-1.53867 , 
-161.396 , 
-2.33065 , 
-59570.7 , 
-4607.42 , 
-399.653 , 
-5560.78 , 
-1334.26 , 
-3.64136 , 
-231226 , 
-552.126 , 
-385.314 , 
-7.75192 , 
-204288 , 
-18.8317 , 
-4.01453 , 
-37260.9 , 
-444.904 , 
-5.24309 , 
-12.4566 , 
-13749.9 , 
-85.1948 , 
-711.848 , 
-4.20791 , 
-6.88318 , 
-773.971 , 
-340.719 , 
-13171 , 
-11.4677 , 
-2880.42 , 
-9057.87 , 
-0.384695 , 
-50225.7 , 
-460.5 , 
-28620.7 , 
-13620.2 , 
-7566.2 , 
-14.557 , 
-153489 , 
-5.46377 , 
-941.718 , 
-5368.73 , 
-14738.4 , 
-20.9559 , 
-10.2126 , 
-3.11574 , 
-334.103 , 
-76.0583 , 
-15.2934 , 
-0.910499 , 
-1.53867 , 
-121.927 , 
-1.2041 , 
-1202.04 , 
-95521.1 , 
-12.1224 , 
-0.737504 , 
-7.13567 , 
-5170.28 , 
-110723 , 
-0.0364211 , 
-11971.3 , 
-0.227631 , 
-5489.16 , 
-461.58 , 
-40289.5 , 
-2892.56 , 
-111.848 , 
-302.899 , 
-8304.38 , 
-10.8311 , 
-8207.66 , 
-0.145688 , 
-58.4982 , 
-119.603 , 
-4.40586 , 
-2510.47 , 
-8.46618 , 
-13637 , 
-7.92034 , 
-20.522 , 
-6135.68 , 
-1303.38 , 
-2147.91 , 
-46079.8 , 
-27315.6 , 
-28173 , 
-1340.21 , 
-2.94963 , 
-2.33065 , 
-11273.4 , 
-0.275432 , 
-0.0569084 , 
-907.91 , 
-18627.9 , 
-26.491 , 
-10557.3 , 
-0.227631 , 
-7.65427 , 
-95.367 , 
-14846.7 , 
-76.0511 , 
-729.139 , 
-12.4566 , 
-49176 , 
-64310.2 , 
-10220 , 
-5.02696 , 
-15.2258 , 
-904.913 , 
-1045.4 , 
-1364.9 , 
-11468.9 , 
-2167.31 , 
-8.19099 , 
-57.4927 , 
-2.63105 , 
-84519.2 , 
-2907.94 , 
-153.066 , 
-61996.9 , 
-1987.71 , 
-5.02696 , 
-1.10168 , 
-11.4677 , 
-577.534 , 
-966.307 , 
-8.74588 , 
-1.31108 , 
-16421.4 , 
-135337 , 
-101.753 , 
-298.434 , 
-437.071 , 
-12.7953 , 
-0.00227651 , 
-2756.65 , 
-4007.54 , 
-9.9102 , 
-9.03017 , 
-13.4864 , 
-3176.02 , 
-14733 , 
-186.289 , 
-31162.6 , 
-9.61232 , 
-7956.52 , 
-1838.11 , 
-4.40586 , 
-12.7953 , 
-22544.8 , 
-12722.5 , 
-30490.2 , 
-13.8387 , 
-1.00381 , 
-8372.3 , 
-1254.22 , 
-20.522 , 
-9.03017 , 
-20535.2 , 
-2006.21 , 
-5.24309 , 
-676.21 , 
-12.1224 , 
-848.198 , 
-15268.5 , 
-7.13567 , 
-13321.7 , 
-1.91419 , 
-12.4566 , 
-30649.1 , 
-150.343 , 
-83.0282 , 
-2024.5 , 
-5.91618e-09 , 
-10.2126 , 
-24.5292 , 
-340.616 , 
-1.65928 , 
-264.953 , 
-2449.54 , 
-1327.84 , 
-10105 , 
-859.826 , 
-270.302 , 
-6816.5 , 
-1379.58 , 
-13920.9 , 
-367.549 , 
-8.46618 , 
-195279 , 
-1873.76 , 
-2.63105 , 
-1871.76 , 
-4268.55 , 
-50990.9 , 
-5331.16 , 
-4.01453 , 
-63209.9 , 
-5.02696 , 
-14943.2 , 
-8.19099 , 
-93348.6 , 
-4240.91 , 
-110.214 , 
-2.04847 , 
-868.043 , 
-1.00381 , 
-13054.6 , 
-14687.4 , 
-2.18727 , 
-920.986 , 
-8.74588 , 
-22.2849 , 
-8.19099 , 
-5.46377 , 
-104919 , 
-13547.2 , 
-5.68897 , 
-0.0819495 , 
-689.609 , 
-8.46618 , 
-20.0926 , 
-2.04847 , 
-2557.33 , 
-12.4566 , 
-715.141 , 
-43798.3 , 
-5172.38 , 
-19844.7 , 
-801.4 , 
-32432 , 
-118.684 , 
-5212.62 , 
-0.327789 , 
-20.0926 , 
-9.03017 , 
-200280 , 
-16781.5 , 
-0.0204873 , 
-18.8317 , 
-3.64136 , 
-13.8387 , 
-4.01453 , 
-5819.11 , 
-8163.63 , 
-63946 , 
-7.39269 , 
-30654.4 , 
-49916.9 , 
-3506.63 , 
-0.737504 , 
-671.102 , 
-10.5196 , 
-13.8387 , 
-40.5164 , 
-657708 , 
-5487.27 , 
-231.011 , 
-10.5196 , 
-5452.48 , 
-3793.58 , 
-36899.6 , 
-20567.8 , 
-61627.4 , 
-5818.35 , 
-0.657834 , 
-2.47857 , 
-4.60835 , 
-3969.77 , 
-129.661 , 
-6.15302 , 
-71064.4 , 
-19063.6 , 
-2.04847 , 
-2.63105 , 
-16.4321 , 
-0.184382 , 
-16.8206 , 
-6.88318 , 
-51837.7 , 
-7277.77 , 
-5240.01 , 
-2.47857 , 
-4.01453 , 
-81824.1 , 
-4.60835 , 
-9301.95 , 
-3.28641 , 
-1649.09 , 
-0.582725 , 
-20.522 , 
-204221 , 
-17.5947 , 
-11057.8 , 
-0.227631 , 
-19.2474 , 
-0.227631 , 
-8.74588 , 
-7460.73 , 
-0.00227651 , 
-22729.3 , 
-14.9229 , 
-16.4321 , 
-7.92034 , 
-10.5196 , 
-0.145688 , 
-0.657834 , 
-43.8036 , 
-13289.2 , 
-14.557 , 
-0.145688 , 
-0.00910553 , 
-257007 , 
-113296 , 
-365.103 , 
-1631.62 , 
-1194.91 , 
-7282.47 , 
-1242.88 , 
-13933.3 , 
-28310.9 , 
-2418.82 , 
-0.582725 , 
-15428.4 , 
-3.4616 , 
-5946.8 , 
-1334.59 , 
-124.637 , 
-0.227631 , 
-6554.88 , 
-1445.34 , 
-972.232 , 
-271.58 , 
-11649 , 
-3442.95 , 
-5.46377 , 
-1.53867 , 
-0.0819495 , 
-157.741 , 
-0.821721 , 
-13295 , 
-90088.8 , 
-58781.2 , 
-12.1224 , 
-12.4566 , 
-16.2514 , 
-8630.11 , 
-6.88318 , 
-3.64136 , 
-1818.33 , 
-0.327789 , 
-12346.2 , 
-72783.6 , 
-6520.29 , 
-179.876 , 
-17.2138 , 
-6175.38 , 
-5750.85 , 
-10467.1 , 
-2.18727 , 
-92.8197 , 
-6539.59 , 
-14.557 , 
-19.6677 , 
-933.298 , 
-105317 , 
-1700.16 , 
-117.836 , 
-661.253 , 
-45.552 , 
-539.336 , 
-8.74588 , 
-14.1956 , 
-682.639 , 
-11.1471 , 
-3133.47 , 
-12418.8 , 
-14.9229 , 
-7579.93 , 
-6.88318 , 
-929.849 , 
-5.91872 , 
-17756.1 , 
-2.04847 , 
-3.4616 , 
-4.01453 , 
-7889.71 , 
-15623.1 , 
-32080.1 , 
-5366.05 , 
-17951.5 , 
-2554.18 , 
-55852.1 , 
-0.0819495 , 
-16.048 , 
-13722 , 
-1.4226 , 
-914.568 , 
-941.491 , 
-567.409 , 
-14663.6 , 
-4606.24 , 
-576.218 , 
-20118.3 , 
-12995.6 , 
-709.51 , 
-16947.6 , 
-236.12 , 
-214.399 , 
-276.538 , 
-17964.8 , 
-0.375648 , 
-3.82567 , 
-66155.5 , 
-7285.64 , 
-246195 , 
-17229 , 
-1.65928 , 
-46709.1 , 
-13144.3 , 
-7009 , 
-22994.7 , 
-27961 , 
-0.910499 , 
-62.7396 , 
-139.357 , 
-8.19099 , 
-6247.58 , 
-79296.6 , 
-17819.3 , 
-8623.42 , 
-14.1956 , 
-17.6114 , 
-0.0819495 , 
-11.7928 , 
-9.61232 , 
-14498.3 , 
-9.03017 , 
-23.8744 , 
-20.9448 , 
-253.791 , 
-0.227631 , 
-20.0926 , 
-19117.6 , 
-15.2934 , 
-17743 , 
-0.145688 , 
-27222 , 
-65.4208 , 
-412.676 , 
-7787.86 , 
-4.20791 , 
-8225.78 , 
-162.957 , 
-57520 , 
-51.919 , 
-10664.9 , 
-59822.3 , 
-17412.4 , 
-68996 , 
-166.101 , 
-1.31108 , 
-0.0204873 , 
-6739.32 , 
-21.8374 , 
-14980.3 , 
-34.4785 , 
-4297.33 , 
-13.1386 , 
-7.39269 , 
-830.52 , 
-53472.5 , 
-43.2611 , 
-10649.5 , 
-4.60835 , 
-6240.39 , 
-111764 , 
-2.18727 , 
-3983.71 , 
-0.327789 , 
-71.9196 , 
-96.4775 , 
-0.275432 , 
-17617 , 
-2006.3 , 
-2730.28 , 
-7.39269 , 
-39084.4 , 
-72963 , 
-0.384695 , 
-7.92034 , 
-9.03017 , 
-19.6677 , 
-10.2126 , 
-84.1228 , 
-288.339 , 
-59286.7 , 
-264.686 , 
-13483.7 , 
-682.953 , 
-1443.9 , 
-4.60835 , 
-0.582725 , 
-109694 , 
-16028.8 , 
-259814 , 
-57567.1 , 
-0.446153 , 
-40506.1 , 
-2.04847 , 
-0.582725 , 
-2952.65 , 
-4.01453 , 
-19070 , 
-22.9818 , 
-2842.3 , 
-4630.81 , 
-4336.89 , 
-2666.53 , 
-2284.54 , 
-11495.2 , 
-1.2041 , 
-895.667 , 
-94039.4 , 
-353.417 , 
-4884 , 
-200.107 , 
-15.6684 , 
-39996.6 , 
-29168.9 , 
-8873.62 , 
-10.8311 , 
-50029.8 , 
-1239.44 , 
-23.8443 , 
-16.8206 , 
-1793.17 , 
-8.46618 , 
-0.0204873 , 
-20.0868 , 
-0.0569084 , 
-162793 , 
-3.11574 , 
-5505.27 , 
-42.9935 , 
-513.093 , 
-27921.6 , 
-21136.7 , 
-0.00227651 , 
-5199.7 , 
-10.8311 , 
-116.646 , 
-5089.25 , 
-1704.39 , 
-62165.2 , 
-123680 , 
-5.46377 , 
-18.8317 , 
-187.419 , 
-29886.1 , 
-2.78806 , 
-3120.19 , 
-2.94963 , 
-4816.63 , 
-9.9102 , 
-17121.8 , 
-538.789 , 
-882.906 , 
-9.03017 , 
-12.7953 , 
-22.2319 , 
-33710.7 , 
-24159.3 , 
-0.582725 , 
-3.64136 , 
-100.282 , 
-182.877 , 
-13055.3 , 
-5316.64 , 
-2598.09 , 
-50242.5 , 
-1.65928 , 
-17.2138 , 
-16230.3 , 
-12693.2 , 
-38206.3 , 
-0.821721 , 
-3677.53 , 
-12129.8 , 
-107466 , 
-9653.44 , 
-1.53867 , 
-6.63525 , 
-1.91419 , 
-7.13567 , 
-298.314 , 
-209.135 , 
-5.02696 , 
-3153.96 , 
-2.94963 , 
-99536 , 
-4114.64 , 
-18.0137 , 
-2.04847 , 
-60.544 , 
-2.63105 , 
-3.11574 , 
-89.3368 , 
-2.18727 , 
-12.7953 , 
-2.33065 , 
-35517.5 , 
-1075.86 , 
-55791.9 , 
-39124.2 , 
-7.39269 , 
-1613.23 , 
-26273.4 , 
-2380.73 , 
-619.37 , 
-2118.68 , 
-11006.9 , 
-5.68897 , 
-18.4204 , 
-30479.9 , 
-22186.4 , 
-0.327789 , 
-18.0137 , 
-1.31108 , 
-5.91618e-09 , 
-52743.9 , 
-16944.5 , 
-95.2935 , 
-11.4677 , 
-24.6785 , 
-10.5196 , 
-14293.7 , 
-9724.54 , 
-7.13567 , 
-493.627 , 
-32427.9 , 
-5.91872 , 
-0.657834 , 
-12350.9 , 
-9849.11 , 
-20.522 , 
-47842.7 , 
-138043 , 
-6.88318 , 
-7902.71 , 
-15938.7 , 
-24764 , 
-1.53867 , 
-18.0137 , 
-11620.9 , 
-10.8311 , 
-8493.84 , 
-185.323 , 
-0.227631 , 
-2.47857 , 
-7438.49 , 
-1087.74 , 
-14.557 , 
-1.10168 , 
-2.33065 , 
-1.00381 , 
-15686.5 , 
-20151.2 , 
-1487.88 , 
-328.518 , 
-7065.48 , 
-76044.6 , 
-0.145688 , 
-1124.65 , 
-3681.9 , 
-133960 , 
-2600.56 , 
-4048.32 , 
-2.35833 , 
-0.582725 , 
-89937.6 , 
-941.534 , 
-10.8311 , 
-9.9102 , 
-22.2849 , 
-36325.9 , 
-10752.3 , 
-3.25729 , 
-326.602 , 
-38497.4 , 
-4.20791 , 
-1.53867 , 
-5465.48 , 
-19.9372 , 
-1096.16 , 
-4315.27 , 
-33650.9 , 
-1.2041 , 
-669.911 , 
-0.0819495 , 
-373.561 , 
-526.242 , 
-213424 , 
-9.03017 , 
-3112.18 , 
-145.606 , 
-4499.73 , 
-28810.8 , 
-0.11154 , 
-1960.95 , 
-19.6677 , 
-15983.7 , 
-1801.54 , 
-0.737504 , 
-38.6085 , 
-1004.26 , 
-0.00227651 , 
-7625.39 , 
-1792.76 , 
-75.0294 , 
-4.20791 , 
-11.4677 , 
-183813 , 
-43197 , 
-358.7 , 
-277.042 , 
-1607.92 , 
-13.8387 , 
-18.4204 , 
-14.9242 , 
-3245.18 , 
-15138.4 , 
-49213.5 , 
-4202.93 , 
-14379.8 , 
-170916 , 
-14608.5 , 
-28731.9 , 
-2087.59 , 
-28021.5 , 
-15179 , 
-2.47857 , 
-11048.1 , 
-7.65427 , 
-5.02696 , 
-13.4864 , 
-18.1093 , 
-12.7953 , 
-5514.48 , 
-4.60835 , 
-8.19099 , 
-15.2934 , 
-9.61232 , 
-5311.74 , 
-2376.1 , 
-1785.65 , 
-2.78806 , 
-4.81538 , 
-7.39269 , 
-12.7953 , 
-12399.5 , 
-0.0364211 , 
-134889 , 
-89030.1 , 
-1803.71 , 
-17.2138 , 
-10873.8 , 
-7393.84 , 
-23567.8 , 
-6.63525 , 
-8264.36 , 
-1902.49 , 
-154.358 , 
-1198.44 , 
-0.227631 , 
-2789.03 , 
-4295.06 , 
-7619.41 , 
-1436.92 , 
-676.241 , 
-833.258 , 
-6.88318 , 
-13.1386 , 
-114.777 , 
-24087.2 , 
-264.619 , 
-12.1224 , 
-1.65928 , 
-133.043 , 
-2383 , 
-50.3551 , 
-17.4326 , 
-7141.83 , 
-2.04847 , 
-22072.3 , 
-7407.43 , 
-15.2934 , 
-3203.07 , 
-787.46 , 
-9666.46 , 
-2.18727 , 
-2759.6 , 
-853.938 , 
-621.258 , 
-78815.1 , 
-2.04847 , 
-40383.1 , 
-12.1224 , 
-170.003 , 
-64.511 , 
-2.33065 , 
-8.19099 , 
-87.6684 , 
-41.0874 , 
-3492.66 , 
-11030.2 , 
-8.19099 , 
-6123.55 , 
-2478.25 , 
-21.8374 , 
-110.486 , 
-31489.5 , 
-48.5159 , 
-102197 , 
-9397.77 , 
-5.46377 , 
-9220.79 , 
-0.910499 , 
-14.9229 , 
-11.1471 , 
-19360.9 , 
-0.0364211 , 
-760.932 , 
-541.461 , 
-127462 , 
-3728 , 
-14929.2 , 
-4.01453 , 
-14896.7 , 
-124491 , 
-2669.54 , 
-9.9102 , 
-472.211 , 
-7602.03 , 
-84802.4 , 
-60823.6 , 
-40570.8 , 
-1785.22 , 
-0.0819495 , 
-12.1224 , 
-0.275432 , 
-11.1471 , 
-4.60835 , 
-4.81538 , 
-173213 , 
-28201.1 , 
-0.910499 , 
-2389.87 , 
-5588.42 , 
-20.9559 , 
-44240.4 , 
-29444.2 , 
-11.4677 , 
-851.566 , 
-5840.38 , 
-19.6677 , 
-47.2499 , 
-1547.64 , 
-5944.07 , 
-848.185 , 
-12.1224 , 
-2.63105 , 
-261.939 , 
-10712 , 
-5971.17 , 
-7619.55 , 
-14.1956 , 
-1385.53 , 
-2.33065 , 
-11.7928 , 
-2.47857 , 
-15.2934 , 
-12.1224 , 
-2166.35 , 
-3063.58 , 
-10067.1 , 
-16.4321 , 
-22262.6 , 
-29.5888 , 
-128045 , 
-26729.3 , 
-18.4204 , 
-53379.5 , 
-143666 , 
-19.4862 , 
-5339.69 , 
-16.048 , 
-29937.5 , 
-14.9229 , 
-20.9559 , 
-5891.16 , 
-7.92034 , 
-15.2934 , 
-1455.99 , 
-9001.73 , 
-1.4226 , 
-0.00227651 , 
-0.446153 , 
-0.00227651 , 
-55794.9 , 
-20.522 , 
-9.31897 , 
-819.998 , 
-4349.69 , 
-7181.42 , 
-1430.69 , 
-6908.91 , 
-0.275432 , 
-13625.2 , 
-1.2041 , 
-423.027 , 
-2.04847 , 
-9.61232 , 
-9.61232 , 
-0.145688 , 
-0.0569084 , 
-21.3944 , 
-369.185 , 
-3.4616 , 
-9.03017 , 
-0.384695 , 
-4956.38 , 
-12621.3 , 
-15.6684 , 
-24392.5 , 
-91.9845 , 
-175.779 , 
-7.65427 , 
-13.8387 , 
-587.635 , 
-685.837 , 
-8446.62 , 
-7.39269 , 
-355.797 , 
-227.92 , 
-5635.84 , 
-0.184382 , 
-18209.9 , 
-19562.9 , 
-92882.3 , 
-3400.06 , 
-2050 , 
-16296.1 , 
-8.19099 , 
-743.554 , 
-10518.4 , 
-0.227631 , 
-5.91618e-09 , 
-2187.88 , 
-1802.91 , 
-1.4226 , 
-7962.88 , 
-596.445 , 
-1236.48 , 
-61.868 , 
-38.3157 , 
-10.8311 , 
-34344 , 
-18.8317 , 
-239438 , 
-0.0569084 , 
-1.78447 , 
-4215.08 , 
-897.722 , 
-0.657834 , 
-2034.22 , 
-20235.5 , 
-2.18727 , 
-84101.3 , 
-8.19099 , 
-99295.4 , 
-3290.74 , 
-1414.71 , 
-30070.3 , 
-676.253 , 
-12.1224 , 
-433.165 , 
-349.988 , 
-5635.42 , 
-390.258 , 
-2222.83 , 
-7.65427 , 
-5023.07 , 
-741.985 , 
-1858.23 , 
-13.1386 , 
-3.11574 , 
-12.1224 , 
-2927.29 , 
-88.3118 , 
-7217.45 , 
-12.1224 , 
-7123.18 , 
-9.03017 , 
-29583.8 , 
-690.516 , 
-7.92034 , 
-4.01453 , 
-7180.55 , 
-15382.1 , 
-2940.73 , 
-0.0569084 , 
-7697.94 , 
-23.0343 , 
-8.74588 , 
-14.557 , 
-27932.2 , 
-19.2474 , 
-150.346 , 
-4916.4 , 
-40.2526 , 
-11.4677 , 
-2.33065 , 
-4700.59 , 
-5941.55 , 
-1582.18 , 
-15.712 , 
-3.11574 , 
-20.9559 , 
-20048 , 
-0.0204873 , 
-6472.21 , 
-15.5598 , 
-0.11154 , 
-0.446153 , 
-10071.7 , 
-79363.2 , 
-3349.79 , 
-220292 , 
-1282.24 , 
-47167.3 , 
-15.2934 , 
-29.5314 , 
-0.00910553 , 
-9417.57 , 
-4.81538 , 
-0.657834 , 
-10.2126 , 
-21.3944 , 
-2.18727 , 
-26737.3 , 
-39069.4 , 
-268.484 , 
-41753.3 , 
-1271.48 , 
-14.9229 , 
-0.384695 , 
-1.31108 , 
-15.2934 , 
-17981.1 , 
-82141.3 , 
-7.65427 , 
-24738.4 , 
-3482.82 , 
-21.3944 , 
-6.88318 , 
-473.203 , 
-17012 , 
-14.1956 , 
-74291.8 , 
-53.8742 , 
-0.0364211 , 
-2706.85 , 
-12.576 , 
-95422.3 , 
-2.33065 , 
-0.00227651 , 
-80.0237 , 
-18.4204 , 
-13.1386 , 
-35799.7 , 
-2644.15 , 
-417.237 , 
-7.13567 , 
-23006.5 , 
-12.7953 , 
-742.723 , 
-340.052 , 
-21.3944 , 
-988.759 , 
-5.91872 , 
-65.9322 , 
-4.20791 , 
-252.242 , 
-81845.8 , 
-9.9102 , 
-2491.11 , 
-5.02696 , 
-86129.6 , 
-0.446153 , 
-1002.12 , 
-8.46618 , 
-19.2474 , 
-182.895 , 
-1996.69 , 
-8200.36 , 
-14.557 , 
-7.65427 , 
-203.41 , 
-10248.6 , 
-2038.45 , 
-204682 , 
-4.81538 , 
-2.47857 , 
-0.512165 , 
-46951.3 , 
-1.78447 , 
-7.65427 , 
-11.4677 , 
-0.0204873 , 
-6529.7 , 
-2705.15 , 
-0.737504 , 
-0.446153 , 
-3.82567 , 
-0.00227651 , 
-1.78447 , 
-1.53867 , 
-8726.76 , 
-6681.69 , 
-0.275432 , 
-0.275432 , 
-22.2849 , 
-213241 , 
-55.8041 , 
-3.11574 , 
-15.2117 , 
-5433.32 , 
-2172.05 , 
-244253 , 
-3071.51 , 
-7.13567 , 
-0.446153 , 
-9.61232 , 
-88975.4 , 
-5194.94 , 
-67.2859 , 
-6253.84 , 
-8.46618 , 
-816.336 , 
-4.40586 , 
-128.525 , 
-1.00381 , 
-5.24309 , 
-2647.49 , 
-712.304 , 
-496.044 , 
-7750.88 , 
-5425.16 , 
-0.512165 , 
-1.31108 , 
-6.15302 , 
-6.89458 , 
-2.33065 , 
-77698.3 , 
-88.5421 , 
-2.04847 , 
-36315 , 
-15.6684 , 
-3803.19 , 
-16.8206 , 
-2776.36 , 
-169.416 , 
-7.85572 , 
-2.63105 , 
-2.94963 , 
-48.8714 , 
-8589.27 , 
-8327.65 , 
-14.9229 , 
-6279.82 , 
-5483.65 , 
-2454.16 , 
-5.46377 , 
-3.28641 , 
-0.512165 , 
-42592.7 , 
-10866.6 , 
-47300 , 
-50361.2 , 
-13.4864 , 
-285.822 , 
-9.61232 , 
-10020.6 , 
-15704.8 , 
-18001.8 , 
-304.958 , 
-0.327789 , 
-74640.4 , 
-44106.4 , 
-1486.89 , 
-53.0226 , 
-29971 , 
-0.11154 , 
-183.881 , 
-605.988 , 
-1.53867 , 
-350.316 , 
-0.0204873 , 
-2633.03 , 
-4447.48 , 
-16372.1 , 
-56.095 , 
-73581.8 , 
-121420 , 
-6.15302 , 
-21.3944 , 
-14.9229 , 
-13456.1 , 
-18392.3 , 
-34.3988 , 
-15.2934 , 
-728.583 , 
-0.582725 , 
-8642.38 , 
-0.0819495 , 
-0.582725 , 
-2113.83 , 
-1.10168 , 
-10.3362 , 
-8.74588 , 
-1.31108 , 
-0.0364211 , 
-957.411 , 
-1725.42 , 
-6.88318 , 
-32257.6 , 
-2759.79 , 
-17159.9 , 
-0.446153 , 
-1445.61 , 
-140.786 , 
-1.65928 , 
-0.0364211 , 
-1953.99 , 
-368.913 , 
-1.4226 , 
-38353.2 , 
-0.657834 , 
-458.779 , 
-17014.5 , 
-200.969 , 
-15.4235 , 
-0.0819495 , 
-2151.57 , 
-5.02696 , 
-6888.33 , 
-63.0143 , 
-4.20791 , 
-16.4321 , 
-8.09033 , 
-9.03017 , 
-913.977 , 
-71535.9 , 
-12.4566 , 
-20.0926 , 
-22.2849 , 
-1.4226 , 
-19122.5 , 
-246.117 , 
-0.327789 , 
-35.97 , 
-1787.02 , 
-705.462 , 
-12426.4 , 
-172.771 , 
-1755.58 , 
-153340 , 
-0.0569084 , 
-15.0258 , 
-3708.2 , 
-62764.9 , 
-1449.12 , 
-8.19099 , 
-1577.78 , 
-58.2136 , 
-2.47857 , 
-14.3245 , 
-62564.3 , 
-15.6684 , 
-30.6744 , 
-2.78806 , 
-34741.9 , 
-17.6114 , 
-10.2079 , 
-1.2041 , 
-8.19099 , 
-292.64 , 
-48003.8 , 
-3.64136 , 
-17.6114 , 
-11274.6 , 
-600.114 , 
-224865 , 
-450.556 , 
-46.8218 , 
-1314.2 , 
-13.8387 , 
-128342 , 
-92724.6 , 
-2.78806 , 
-3.64136 , 
-18559.4 , 
-8947.4 , 
-43.5191 , 
-321.358 , 
-1962.73 , 
-317.859 , 
-4523.06 , 
-5082.74 , 
-142.477 , 
-9.03017 , 
-0.327789 , 
-67773.2 , 
-253.91 , 
-180069 , 
-10.8311 , 
-7.92034 , 
-12.7953 , 
-7.39269 , 
-4.81538 , 
-3802.01 , 
-9392.03 , 
-1192.94 , 
-20.4432 , 
-541.05 , 
-14.557 , 
-655.391 , 
-49589.6 , 
-1342.85 , 
-1768.6 , 
-5460.05 , 
-20313.4 , 
-0.00910553 , 
-28972.6 , 
-1073.9 , 
-15.2934 , 
-305.172 , 
-26900.2 , 
-0.0569084 , 
-79602.7 , 
-3172.17 , 
-57.6555 , 
-1777.44 , 
-7633.69 , 
-6810 , 
-11979.1 , 
-23133.6 , 
-5921.25 , 
-13678.4 , 
-9304.39 , 
-443.879 , 
-1.2041 , 
-2.18727 , 
-8.19099 , 
-18.4204 , 
-48640.2 , 
-339.843 , 
-2.18727 , 
-6.15302 , 
-49.5458 , 
-2.94963 , 
-231767 , 
-33516.3 , 
-1605.59 , 
-6285.24 , 
-6.39187 , 
-2679.41 , 
-3.11574 , 
-559.978 , 
-876.108 , 
-3.4616 , 
-5716.98 , 
-15.6684 , 
-7174.35 , 
-2569.26 , 
-160.492 , 
-9.31897 , 
-18446.3 , 
-1.10168 , 
-1.65928 , 
-0.227631 , 
-10160 , 
-1370.73 , 
-11342.3 , 
-14141.4 , 
-1.53867 , 
-17395.3 , 
-7749.24 , 
-32215.8 , 
-20.0926 , 
-196.57 , 
-178.578 , 
-30.949 , 
-11137.6 , 
-449.868 , 
-4.20791 , 
-3839.96 , 
-26857.5 , 
-2039.45 , 
-222.906 , 
-2004 , 
-19284.9 , 
-5.24309 , 
-10816.8 , 
-3.28641 , 
-69.1195 , 
-7.13567 , 
-9360.71 , 
-3.4616 , 
-28384.1 , 
-62.7225 , 
-1.2041 , 
-4921.93 , 
-12.4566 , 
-297401 , 
-1.78447 , 
-5.46377 , 
-9359.14 , 
-0.00910553 , 
-0.145688 , 
-44.7401 , 
-580.832 , 
-9426.19 , 
-16057.7 , 
-65.3593 , 
-742.757 , 
-1431.01 , 
-108033 , 
-1846.58 , 
-35188.1 , 
-14104.8 , 
-56524 , 
-4.01453 , 
-2.94963 , 
-34118 , 
-14817.6 , 
-211733 , 
-8.09503 , 
-5395.05 , 
-12.1224 , 
-230.471 , 
-427.079 , 
-21.8374 , 
-9.9102 , 
-5.02696 , 
-20990.9 , 
-0.910499 , 
-12731 , 
-52046.9 , 
-7591.09 , 
-53688.6 , 
-10.2126 , 
-158.91 , 
-0.327789 , 
-0.327789 , 
-342.515 , 
-17.6114 , 
-31.7423 , 
-20.9559 , 
-13.4864 , 
-417.854 , 
-1836.65 , 
-843.634 , 
-24256.6 , 
-0.00910553 , 
-3045.29 , 
-22145.6 , 
-4.20791 , 
-0.512165 , 
-21408.7 , 
-935.876 , 
-138.35 , 
-0.0819495 , 
-0.0569084 , 
-85213.7 , 
-159.545 , 
-3115.93 , 
-2.47857 , 
-4.40586 , 
-2.47857 , 
-21.3944 , 
-3.82567 , 
-8744.56 , 
-469.601 , 
-11498.1 , 
-10.8311 , 
-15.6684 , 
-9843.59 , 
-12.4566 , 
-21.3944 , 
-17.6114 , 
-23733 , 
-3.11574 , 
-20661.2 , 
-943.947 , 
-76.9821 , 
-15242.5 , 
-159.52 , 
-18045.2 , 
-352.571 , 
-0.0569084 , 
-6.63525 , 
-40701.7 , 
-41328.1 , 
-45456.6 , 
-172669 , 
-31551.7 , 
-13263.9 , 
-6830.57 , 
-13032.1 , 
-1270.92 , 
-9.61232 , 
-71.5008 , 
-8.19099 , 
-5661.12 , 
-12.7953 , 
-31428.1 , 
-0.275432 , 
-12.1224 , 
-1.31108 , 
-8.46618 , 
-638.067 , 
-10.8311 , 
-16827.1 , 
-0.0364211 , 
-694.595 , 
-46129.1 , 
-8238.55 , 
-1310.62 , 
-120098 , 
-51.3096 , 
-206947 , 
-23450.6 , 
-6.63525 , 
-71.5732 , 
-1334.52 , 
-17.6114 , 
-56.0575 , 
-7.65427 , 
-3.4616 , 
-135253 , 
-8.46618 , 
-0.737504 , 
-2634.58 , 
-16.4321 , 
-65510.3 , 
-2023.19 , 
-3008.95 , 
-3898.1 , 
-41412.3 , 
-0.0204873 , 
-63.1284 , 
-25841.6 , 
-14.382 , 
-59.7702 , 
-1097.55 , 
-15595.4 , 
-13455.7 , 
-0.446153 , 
-3497.99 , 
-22.2849 , 
-0.00910553 , 
-3.64136 , 
-13176 , 
-0.582725 , 
-10.2126 , 
-1.91419 , 
-0.821721 , 
-6.39187 , 
-1908 , 
-31404 , 
-704.928 , 
-2598.14 , 
-27820.3 , 
-22.2849 , 
-669.741 , 
-1.53867 , 
-0.384695 , 
-76545.8 , 
-5.91618e-09 , 
-14.1956 , 
-9.61232 , 
-1598.99 , 
-6.39187 , 
-2.04847 , 
-273365 , 
-3352.75 , 
-15747.3 , 
-6.39187 , 
-1.10168 , 
-451.021 , 
-5413.98 , 
-1.65928 , 
-6.39187 , 
-17.2138 , 
-1840.62 , 
-77012.1 , 
-30897.1 , 
-411.283 , 
-4648.29 , 
-27522.8 , 
-5522.25 , 
-7.39269 , 
-62563.1 , 
-1051.74 , 
-43732 , 
-21.8374 , 
-782.886 , 
-120.097 , 
-1.10168 , 
-2037.4 , 
-12.7953 , 
-6.39187 , 
-104849 , 
-21373.2 , 
-8567.16 , 
-74424.2 , 
-151.475 , 
-51908.8 , 
-6662.69 , 
-590.828 , 
-7416.99 , 
-552.133 , 
-76814.6 , 
-0.512165 , 
-3.64136 , 
-9.02153 , 
-1306.01 , 
-16202 , 
-6310.06 , 
-85369.5 , 
-2.78806 , 
-4801.22 , 
-0.910499 , 
-0.0364211 , 
-271694 , 
-3554.26 , 
-17.6114 , 
-8125.09 , 
-72352.7 , 
-271.282 , 
-182.743 , 
-1348.32 , 
-5.02696 , 
-233.395 , 
-12.4566 , 
-5785.83 , 
-766.598 , 
-86010.5 , 
-97059.2 , 
-62.8993 , 
-0.275432 , 
-5786.49 , 
-99192.6 , 
-2823.53 , 
-1.4226 , 
-14577.7 , 
-15.6684 , 
-19.2474 , 
-194.51 , 
-28545 , 
-0.995286 , 
-4946.5 , 
-159788 , 
-2.04847 , 
-5036.13 , 
-40066 , 
-2535.92 , 
-19810.6 , 
-27691.9 , 
-11.7928 , 
-16.6175 , 
-598.852 , 
-357.515 , 
-4366.41 , 
-18.8317 , 
-13.8387 , 
-18.4204 , 
-7.65427 , 
-0.0364211 , 
-1154.7 , 
-39609.3 , 
-116.321 , 
-313.972 , 
-18.4204 , 
-634.846 , 
-493.995 , 
-6050.04 , 
-30203.2 , 
-22121.2 , 
-1381.52 , 
-4.01453 , 
-3265.63 , 
-1670.87 , 
-80.3602 , 
-1439.01 , 
-4246.46 , 
-50039.5 , 
-22.2849 , 
-1658.12 , 
-7.65427 , 
-7.13567 , 
-1355.77 , 
-1501.15 , 
-23.9719 , 
-65.7674 , 
-10.5196 , 
-4458.26 , 
-88.3811 , 
-4726.8 , 
-1128.18 , 
-3.4616 , 
-55805.5 , 
-7.65427 , 
-10.2126 , 
-19.6677 , 
-522.668 , 
-18.2049 , 
-1642.75 , 
-20490.5 , 
-1148.4 , 
-387.297 , 
-20546.2 , 
-1975.44 , 
-1574.26 , 
-454.959 , 
-26.6707 , 
-0.11154 , 
-4.20791 , 
-9.31897 , 
-65.8076 , 
-22918.7 , 
-1617.97 , 
-7.39269 , 
-200757 , 
-129.55 , 
-1808.69 , 
-290.748 , 
-19.6677 , 
-303.775 , 
-2382.27 , 
-56582 , 
-0.00227651 , 
-18.4204 , 
-54307.8 , 
-1236.35 , 
-254216 , 
-3.82567 , 
-2279.25 , 
-5987.63 , 
-0.821721 , 
-4987.81 , 
-179.023 , 
-7162.35 , 
-10.8311 , 
-21.3944 , 
-6.63525 , 
-87.27 , 
-3019.53 , 
-18205.5 , 
-17.2138 , 
-5.24309 , 
-145.932 , 
-59.0524 , 
-16.048 , 
-14.557 , 
-38478.9 , 
-1279.1 , 
-1.4226 , 
-7575.27 , 
-3.11574 , 
-1547.8 , 
-83.1188 , 
-11943.2 , 
-160.259 , 
-18513.9 , 
-2.78806 , 
-16.6748 , 
-1833.57 , 
-14802 , 
-2632.35 , 
-20.9559 , 
-241.544 , 
-847.821 , 
-18.4204 , 
-230.966 , 
-18776 , 
-196786 , 
-97.628 , 
-8415.04 , 
-11687.1 , 
-920.958 , 
-13.1386 , 
-0.275432 , 
-11.1471 , 
-397.773 , 
-1.00381 , 
-2.94963 , 
-18.0137 , 
-0.227631 , 
-8926.86 , 
-17.6114 , 
-855.087 , 
-8008.74 , 
-1.31108 , 
-0.11154 , 
-4157.5 , 
-0.184382 , 
-603.861 , 
-3574.67 , 
-8.6555 , 
-13.8387 , 
-13.4403 , 
-6745.41 , 
-9.9102 , 
-0.145688 , 
-3950.07 , 
-79.3398 , 
-41694.8 , 
-2.47857 , 
-17.6114 , 
-13.8387 , 
-12.1224 , 
-3.82567 , 
-26852.6 , 
-1.91419 , 
-18.4204 , 
-4326.84 , 
-12.7953 , 
-1724.18 , 
-17965 , 
-3823.22 , 
-64672.5 , 
-34078.5 , 
-34003.3 , 
-11.1471 , 
-70.8011 , 
-4151.5 , 
-16777.9 , 
-162641 , 
-0.11154 , 
-12500.8 , 
-10644.3 , 
-9.26897 , 
-98814.3 , 
-0.145688 , 
-1.2041 , 
-0.184382 , 
-140707 , 
-2203.92 , 
-5.68897 , 
-158.06 , 
-74962.8 , 
-10.8311 , 
-458.407 , 
-10.8311 , 
-2.78806 , 
-9388.1 , 
-16551.3 , 
-39730.2 , 
-166139 , 
-15.2934 , 
-30815.5 , 
-308367 , 
-50.694 , 
-5991.92 , 
-1.91419 , 
-19.6677 , 
-332.439 , 
-18169.9 , 
-63101.7 , 
-0.0569084 , 
-33280.9 , 
-10629.5 , 
-1827.08 , 
-841.517 , 
-15416.8 , 
-20.0926 , 
-202.168 , 
-0.00227651 , 
-27800.6 , 
-9302.39 , 
-17503.5 , 
-11.7928 , 
-316.719 , 
-11.1471 , 
-272.891 , 
-10.5196 , 
-17.2138 , 
-0.582725 , 
-20.0926 , 
-84.9093 , 
-1.53867 , 
-21805.1 , 
-8848.1 , 
-91143.6 , 
-17.2138 , 
-27634.3 , 
-0.384695 , 
-8.46618 , 
-5093.55 , 
-8356.94 , 
-6541.83 , 
-89707.1 , 
-4.01453 , 
-104188 , 
-10.0914 , 
-242.971 , 
-3854.21 , 
-298.287 , 
-1738.74 , 
-16910.8 , 
-72.0168 , 
-16.4321 , 
-0.0569084 , 
-3367.24 , 
-1021.15 , 
-5.91618e-09 , 
-8382.76 , 
-0.821721 , 
-20.9559 , 
-5660.79 , 
-3664.6 , 
-148489 , 
-0.0819495 , 
-12.7953 , 
-13.8387 , 
-10.5196 , 
-798.215 , 
-11.1471 , 
-94629.4 , 
-1723.84 , 
-1488.82 , 
-32220.4 , 
-3.11574 , 
-6.15302 , 
-50312.8 , 
-2.33065 , 
-235715 , 
-34706.4 , 
-16.8206 , 
-1436.41 , 
-31958.2 , 
-106.645 , 
-52202.2 , 
-85674.7 , 
-21.8374 , 
-3.4616 , 
-38.91 , 
-4973.46 , 
-8576.01 , 
-74408.4 , 
-4.40586 , 
-1.31108 , 
-0.582725 , 
-8.19099 , 
-20.9559 , 
-7384.01 , 
-1210.97 , 
-0.910499 , 
-2.04847 , 
-2.63105 , 
-757.625 , 
-18.4204 , 
-116316 , 
-9.9102 , 
-12.4566 , 
-9.31897 , 
-12.4566 , 
-286.589 , 
-725.335 , 
-1.53867 , 
-0.0364211 , 
-6671.19 , 
-68.8326 , 
-1196.15 , 
-3.4616 , 
-0.821721 , 
-304.594 , 
-163250 , 
-47.287 , 
-20201.1 , 
-22954.6 , 
-5637.17 , 
-13.8387 , 
-673.318 , 
-562.49 , 
-5.17497 , 
-1488.37 , 
-2128.04 , 
-4619.27 , 
-12638.4 , 
-1.00381 , 
-7.39269 , 
-31861.6 , 
-518.281 , 
-110497 , 
-0.582725 , 
-17.2138 , 
-8.19099 , 
-0.00910553 , 
-0.512165 , 
-444.646 , 
-20.0926 , 
-6.15302 , 
-157.643 , 
-14190.3 , 
-1218.15 , 
-422.294 , 
-105888 , 
-13000.8 , 
-1246.48 , 
-19978.4 , 
-283.599 , 
-1001.29 , 
-15.6684 , 
-2971.3 , 
-6958.68 , 
-1.10168 , 
-3.11574 , 
-10334.4 , 
-17318.2 , 
-1305.95 , 
-10721.6 , 
-7424.69 , 
-22882.1 , 
-0.446153 , 
-561.782 , 
-682.003 , 
-28866.3 , 
-10.8311 , 
-65.7072 , 
-4.20791 , 
-299.27 , 
-1698.03 , 
-13.4864 , 
-11543.2 , 
-3.82567 , 
-3.64136 , 
-1156.89 , 
-0.0364211 , 
-58.4748 , 
-6588.74 , 
-7742.16 , 
-1631.01 , 
-5.02696 , 
-9.9102 , 
-583.871 , 
-10.8311 , 
-22.2849 , 
-0.821721 , 
-49306.8 , 
-50347.8 , 
-983.909 , 
-809.759 , 
-240.347 , 
-0.0204873 , 
-21.8374 , 
-24149.4 , 
-1153.36 , 
-2255.71 , 
-25 , 
-4.01453 , 
-9869.01 , 
-101384 , 
-74.2384 , 
-1.78447 , 
-1.53867 , 
-21.3944 , 
-5110.19 , 
-9881.29 , 
-34904.7 , 
-0.11154 , 
-0.11154 , 
-122.054 , 
-28401.9 , 
-29363 , 
-17576.5 , 
-1595.73 , 
-856.92 , 
-1605.25 , 
-19194.1 , 
-6527.68 , 
-10.5196 , 
-3.4616 , 
-42857.8 , 
-1848.54 , 
-63931.3 , 
-811.763 , 
-70.4068 , 
-3119.75 , 
-474.265 , 
-33859.7 , 
-3.82567 , 
-89942.7 , 
-6890.15 , 
-2.18727 , 
-6.15302 , 
-1840.37 , 
-2552.69 , 
-42617.5 , 
-13.1386 , 
-1.2041 , 
-8.74588 , 
-308.449 , 
-22633.4 , 
-57247.7 , 
-35012.5 , 
-29828.8 , 
-73464 , 
-14972.6 , 
-4.01453 , 
-8.19099 , 
-0.00227651 , 
-2559.21 , 
-9.9102 , 
-2.18727 , 
-3805.44 , 
-1045.77 , 
-5258.68 , 
-4717.87 , 
-56.438 , 
-8460.21 , 
-11200 , 
-139.192 , 
-2805.46 , 
-170378 , 
-613.561 , 
-3.4616 , 
-16801.7 , 
-0.00910553 , 
-494.064 , 
-3244.06 , 
-537.556 , 
-236.164 , 
-13611.3 , 
-10.2126 , 
-5671.14 , 
-5668.55 , 
-61.9985 , 
-4.40586 , 
-5.02696 , 
-0.821721 , 
-55565.8 , 
-10458.8 , 
-45050.5 , 
-7.65427 , 
-4.60835 , 
-25377 , 
-707.242 , 
-6.39187 , 
-12200.2 , 
-1.2041 , 
-5562.87 , 
-15.2934 , 
-205.201 , 
-2.63105 , 
-2.18727 , 
-4964.48 , 
-24554.2 , 
-115.464 , 
-4768.05 , 
-524.472 , 
-3557.59 , 
-992.788 , 
-819.869 , 
-111917 , 
-366.474 , 
-16.048 , 
-0.657834 , 
-13.4864 , 
-6538.1 , 
-11.4677 , 
-7.86221 , 
-3075.8 , 
-17156 , 
-197950 , 
-0.384695 , 
-17663 , 
-1.31108 , 
-4585.63 , 
-9897.24 , 
-29084.9 , 
-248995 , 
-1.4226 , 
-28669 , 
-1859.46 , 
-1217.93 , 
-36680.6 , 
-0.145688 , 
-1962.44 , 
-17130.2 , 
-20.0926 , 
-6.15302 , 
-2.18727 , 
-36039.1 , 
-10.2126 , 
-14821.6 , 
-10.8311 , 
-4.40586 , 
-0.00910553 , 
-0.145688 , 
-2.63105 , 
-139410 , 
-18662.1 , 
-0.145688 , 
-2.63105 , 
-3014.76 , 
-12.4566 , 
-390.957 , 
-152.779 , 
-32349.1 , 
-105571 , 
-0.512165 , 
-1897.94 , 
-2251 , 
-2.04847 , 
-1278.65 , 
-12.7953 , 
-7.13567 , 
-2.63105 , 
-11.7928 , 
-596.901 , 
-660.894 , 
-2.18727 , 
-13585.9 , 
-6543.2 , 
-33810.4 , 
-56.1826 , 
-20303.4 , 
-42385.1 , 
-5084.11 , 
-42069.2 , 
-47.7536 , 
-61.2543 , 
-1.53867 , 
-225.891 , 
-222.329 , 
-2.18727 , 
-52538.9 , 
-14.1956 , 
-19055.2 , 
-5.02696 , 
-0.00910553 , 
-1178.44 , 
-41.1366 , 
-6060.13 , 
-93.9263 , 
-0.657834 , 
-2982.08 , 
-121.882 , 
-595.899 , 
-4.81538 , 
-12.1224 , 
-942.724 , 
-1061.79 , 
-5271.94 , 
-8066.21 , 
-427.22 , 
-3469.41 , 
-22324.4 , 
-20114 , 
-2250.04 , 
-0.327789 , 
-11.1471 , 
-1.2041 , 
-1009.14 , 
-2665.91 , 
-0.384695 , 
-55.9517 , 
-10955.9 , 
-1.4226 , 
-207.834 , 
-7575.99 , 
-49963 , 
-31.7349 , 
-0.657834 , 
-9752.68 , 
-15200.5 , 
-8346.27 , 
-4.60835 , 
-12383.7 , 
-84.0214 , 
-372.96 , 
-13021.2 , 
-330.569 , 
-3845 , 
-3.4616 , 
-4.40586 , 
-17.6114 , 
-10.2126 , 
-7218.85 , 
-2756.91 , 
-2961.38 , 
-3249.51 , 
-20.9559 , 
-16862.9 , 
-11.7928 , 
-0.184382 , 
-61.7067 , 
-28494.7 , 
-54090.3 , 
-0.737504 , 
-12.1224 , 
-9765.26 , 
-14.557 , 
-6005.03 , 
-49364.9 , 
-6.15302 , 
-119371 , 
-213.132 , 
-1583.24 , 
-117612 , 
-3803.25 , 
-6990.88 , 
-4418.05 , 
-344.68 , 
-23738.5 , 
-14.557 , 
-0.0204873 , 
-268.69 , 
-20.522 , 
-8966.86 , 
-2.33065 , 
-127.19 , 
-4.81538 , 
-17.3227 , 
-9.61232 , 
-5.91872 , 
-3.11574 , 
-1067.11 , 
-8.74588 , 
-651.124 , 
-12521 , 
-0.227631 , 
-9399.52 , 
-2.33065 , 
-1413.2 , 
-40407.2 , 
-2164.28 , 
-11.7928 , 
-4594.48 , 
-2480.12 , 
-16.048 , 
-12664.8 , 
-23194.5 , 
-448.193 , 
-4282.22 , 
-1010.67 , 
-271.065 , 
-0.582725 , 
-21.8374 , 
-7586.05 , 
-4535.64 , 
-1.65928 , 
-1.91419 , 
-0.657834 , 
-117641 , 
-634.035 , 
-15.6684 , 
-5090.39 , 
-6.63525 , 
-285.334 , 
-250.625 , 
-3263.67 , 
-55.1401 , 
-673694 , 
-0.910499 , 
-1.78447 , 
-38515.6 , 
-257.018 , 
-16.4321 , 
-1374.05 , 
-120900 , 
-6.39187 , 
-13974.9 , 
-162.095 , 
-7467.3 , 
-214.978 , 
-7.39269 , 
-882.298 , 
-10.2126 , 
-188.137 , 
-758.511 , 
-255.713 , 
-64628 , 
-3181.48 , 
-4446.87 , 
-55519.3 , 
-0.384695 , 
-148.577 , 
-776.663 , 
-0.821721 , 
-577.405 , 
-5523.39 , 
-9003.76 , 
-8.46618 , 
-0.737504 , 
-5.91872 , 
-3384.35 , 
-234.912 , 
-29.7739 , 
-307.75 , 
-9.03017 , 
-2622.74 , 
-7.39269 , 
-13704.8 , 
-27119.3 , 
-0.327789 , 
-61922.9 , 
-493.307 , 
-0.441373 , 
-1709.67 , 
-39112.2 , 
-128845 , 
-18.4204 , 
-118.298 , 
-5.68897 , 
-1.00381 , 
-2086.32 , 
-678.247 , 
-4286.99 , 
-12.7953 , 
-2.33065 , 
-773.321 , 
-59589.6 , 
-35430.9 , 
-0.446153 , 
-455.111 , 
-6105.29 , 
-1520.74 , 
-6797.35 , 
-257.304 , 
-9.03017 , 
-2479.16 , 
-15369.5 , 
-74.7272 , 
-108.078 , 
-19.6677 , 
-17.2138 , 
-11317.9 , 
-1527.55 , 
-11.7928 , 
-14.1956 , 
-1.4226 , 
-21.3944 , 
-827.023 , 
-376.921 , 
-2234.98 , 
-16.048 , 
-280.092 , 
-2.78806 , 
-33568.3 , 
-10059.3 , 
-97.4202 , 
-26680.9 , 
-21.8374 , 
-1384.24 , 
-13.4864 , 
-53548.8 , 
-10.2126 , 
-13.8387 , 
-53728.9 , 
-9.31897 , 
-731.547 , 
-2385.01 , 
-4834.46 , 
-38814.4 , 
-1560.09 , 
-92.0163 , 
-53378.3 , 
-7.39269 , 
-20.9559 , 
-10.2126 , 
-2769.46 , 
-741.451 , 
-8622.94 , 
-0.821721 , 
-3690.49 , 
-15.2934 , 
-118.78 , 
-2.94963 , 
-3273.45 , 
-0.00227651 , 
-470.349 , 
-94.8236 , 
-17.2138 , 
-10155.8 , 
-4.60835 , 
-1.2041 , 
-14.557 , 
-20.522 , 
-743.091 , 
-293.871 , 
-67088.6 , 
-3.64136 , 
-0.446153 , 
-218.354 , 
-5.68897 , 
-4907.31 , 
-5682.17 , 
-12856.4 , 
-2177.31 , 
-0.00910553 , 
-19982.2 , 
-24975.9 , 
-132.208 , 
-359.74 , 
-53582.2 , 
-2179.94 , 
-188454 , 
-3.11574 , 
-15763.4 , 
-19.2474 , 
-2.18727 , 
-2.04847 , 
-19.2474 , 
-4.01453 , 
-9340.64 , 
-110180 , 
-2517.62 , 
-15918.6 , 
-2.18727 , 
-4582.24 , 
-194915 , 
-92.5232 , 
-1102.73 , 
-6.15302 , 
-4927.17 , 
-383.261 , 
-3.64136 , 
-0.582725 , 
-4.40586 , 
-2.47857 , 
-33523.8 , 
-36657 , 
-584.732 , 
-29302.3 , 
-1.78447 , 
-3102.06 , 
-143.163 , 
-19800.3 , 
-547.424 , 
-27214.8 , 
-7.13567 , 
-11.7726 , 
-49.5484 , 
-36.9025 , 
-0.384695 , 
-17.2138 , 
-1923.67 , 
-7.39269 , 
-5775.3 , 
-2853.42 , 
-91.3109 , 
-4.81538 , 
-19.2474 , 
-3111.33 , 
-40993.5 , 
-262.402 , 
-49649.4 , 
-10220.4 , 
-4.40586 , 
-30.935 , 
-5913.8 , 
-92487.5 , 
-997.891 , 
-73198.4 , 
-238623 , 
-170740 , 
-11512.9 , 
-0.184382 , 
-828.965 , 
-6413.25 , 
-19939.4 , 
-18911.9 , 
-33484.2 , 
-742.418 , 
-372.506 , 
-0.910499 , 
-6661.18 , 
-11929.7 , 
-2.47857 , 
-12.2775 , 
-10.5196 , 
-1.53867 , 
-725.393 , 
-550.309 , 
-15.6684 , 
-21.8374 , 
-70.1338 , 
-1.4226 , 
-1209.44 , 
-0.512165 , 
-0.446153 , 
-21805.3 , 
-4968.72 , 
-338.472 , 
-4212.62 , 
-5173.71 , 
-47910.7 , 
-16.4321 , 
-5.68897 , 
-8.74588 , 
-6485.48 , 
-13.4864 , 
-1298.27 , 
-8.46618 , 
-16.6032 , 
-2131.19 , 
-66446.9 , 
-6.39187 , 
-18999.6 , 
-2.47857 , 
-0.0364211 , 
-19.2474 , 
-161984 , 
-15.2934 , 
-1.65928 , 
-1602.38 , 
-6004.52 , 
-20.9559 , 
-4680.64 , 
-223.921 , 
-8.19099 , 
-15.2934 , 
-4.40586 , 
-7.92034 , 
-104664 , 
-79440.8 , 
-10571.3 , 
-32.2987 , 
-1.10168 , 
-1.00381 , 
-97.2932 , 
-5.91872 , 
-3515.6 , 
-77.2858 , 
-36046.8 , 
-20.0926 , 
-17.6114 , 
-6088 , 
-20.9559 , 
-131995 , 
-12072 , 
-10203.1 , 
-218.387 , 
-84.8784 , 
-421.312 , 
-11110.4 , 
-27419.4 , 
-498.273 , 
-19.2474 , 
-842.772 , 
-5.85552 , 
-20.522 , 
-21.3944 , 
-793.522 , 
-23881 , 
-4668.13 , 
-61987.3 , 
-6.15302 , 
-6.88318 , 
-12.4566 , 
-930.331 , 
-4791.31 , 
-2764.68 , 
-60332.2 , 
-124.867 , 
-7463.22 , 
-8482.92 , 
-2.04847 , 
-9417.71 , 
-879.121 , 
-7692.53 , 
-459667 , 
-290.92 , 
-1099.37 , 
-20.9559 , 
-6.39187 , 
-1746.19 , 
-97262.3 , 
-43644.4 , 
-505.251 , 
-133.821 , 
-2.33065 , 
-5.24309 , 
-22984.6 , 
-105102 , 
-0.910499 , 
-993.804 , 
-1507.98 , 
-0.821721 , 
-1788.53 , 
-14.557 , 
-635.981 , 
-42583.6 , 
-8031.47 , 
-11.7928 , 
-3.28641 , 
-3520.47 , 
-144.761 , 
-18.0137 , 
-3.4616 , 
-850.547 , 
-487.24 , 
-5.68897 , 
-1.00381 , 
-11.1471 , 
-3191.08 , 
-4473.5 , 
-26303 , 
-518.127 , 
-17.4614 , 
-1.10168 , 
-14.1956 , 
-30990.2 , 
-0.512165 , 
-3.28641 , 
-74598.8 , 
-14.1956 , 
-72089.4 , 
-5941.23 , 
-7493.34 , 
-12.4566 , 
-20.9559 , 
-0.582725 , 
-4.81538 , 
-154.578 , 
-10.8311 , 
-857.171 , 
-12697.5 , 
-14.1956 , 
-4410.55 , 
-131.592 , 
-4209.66 , 
-1148.24 , 
-1899.42 , 
-3915.39 , 
-66095.9 , 
-152.549 , 
-6886.89 , 
-11.8538 , 
-161.63 , 
-15065.1 , 
-32.1982 , 
-4.01453 , 
-17.2138 , 
-5.68897 , 
-0.11154 , 
-10.8311 , 
-404332 , 
-152.158 , 
-2905.47 , 
-1177.38 , 
-20.522 , 
-734.109 , 
-18.0137 , 
-82.0165 , 
-2541.08 , 
-5431.28 , 
-138148 , 
-120.927 , 
-34.9917 , 
-439.864 , 
-3062.47 , 
-5940.83 , 
-10940.3 , 
-2745.27 , 
-103778 , 
-0.821721 , 
-175067 , 
-12492.8 , 
-22336.6 , 
-264.462 , 
-16.6333 , 
-1.4226 , 
-30870.4 , 
-1219.96 , 
-12180.4 , 
-61581.5 , 
-9756.13 , 
-2.18727 , 
-12661.3 , 
-14.557 , 
-54.7772 , 
-6968.2 , 
-0.00910553 , 
-19.4186 , 
-81.535 , 
-2258.96 , 
-2735.84 , 
-148.236 , 
-5090.78 , 
-0.0819495 , 
-10.2126 , 
-7495.31 , 
-902.669 , 
-131.391 , 
-5830.47 , 
-2.18727 , 
-4.01453 , 
-0.657834 , 
-48856.1 , 
-11465.5 , 
-10.5196 , 
-151.546 , 
-5.24309 , 
-7.65427 , 
-22.2849 , 
-93.625 , 
-3828.79 , 
-398.841 , 
-54549.2 , 
-10827.1 , 
-547.031 , 
-28653.9 , 
-52.9532 , 
-250.958 , 
-65921.1 , 
-17.6114 , 
-1.65928 , 
-3085.9 , 
-758.234 , 
-351.589 , 
-338.297 , 
-58829.5 , 
-296.31 , 
-5.46377 , 
-19278.9 , 
-0.327789 , 
-6.15302 , 
-3.19714 , 
-44.2716 , 
-0.0819495 , 
-1002.13 , 
-7.65427 , 
-37067.3 , 
-1937.13 , 
-76.0179 , 
-0.0569084 , 
-1733.62 , 
-3166.43 , 
-6701.08 , 
-44389.5 , 
-20.0926 , 
-9588.9 , 
-12266.6 , 
-519.942 , 
-3922.49 , 
-3.11574 , 
-224383 , 
-401.762 , 
-115.167 , 
-24732.7 , 
-20039.5 , 
-39.9665 , 
-2.47857 , 
-480.543 , 
-5990.48 , 
-39216.5 , 
-291.059 , 
-87.6167 , 
-57721.5 , 
-950.728 , 
-49151.5 , 
-1.4226 , 
-5.46377 , 
-21257.2 , 
-0.821721 , 
-0.384695 , 
-27249.1 , 
-146126 , 
-92.9688 , 
-236.43 , 
-7518.62 , 
-7660.4 , 
-19.5899 , 
-5913.75 , 
-4614.33 , 
-9.31897 , 
-4912.73 , 
-0.0204873 , 
-1568.03 , 
-20566.1 , 
-4075.65 , 
-0.0204873 , 
-74275.4 , 
-17.2138 , 
-2747.71 , 
-8852.24 , 
-5.91872 , 
-40.8015 , 
-1332.05 , 
-7930.87 , 
-33805.2 , 
-118.673 , 
-17.2586 , 
-20615.3 , 
-3.82567 , 
-33244.9 , 
-52947.1 , 
-217.139 , 
-2250.48 , 
-20662.6 , 
-1.53867 , 
-3539.07 , 
-24304.5 , 
-3411.16 , 
-0.00910553 , 
-844.684 , 
-533.04 , 
-13.8387 , 
-2347.71 , 
-1.78447 , 
-18785.5 , 
-892.244 , 
-131.187 , 
-7850.16 , 
-1251.08 , 
-6030.73 , 
-15.6684 , 
-154925 , 
-12.1224 , 
-709.285 , 
-16.8206 , 
-830.868 , 
-351.561 , 
-73.7617 , 
-631.359 , 
-104689 , 
-169859 , 
-22.2849 , 
-27020.6 , 
-4.01453 , 
-2.33065 , 
-68245 , 
-10.2126 , 
-592.674 , 
-9435.41 , 
-829.25 , 
-11425.3 , 
-643.962 , 
-5051.54 , 
-923.332 , 
-549.027 , 
-2.18727 , 
-17248.4 , 
-9838.55 , 
-9.61232 , 
-2.63105 , 
-42686.8 , 
-1668.26 , 
-304.679 , 
-350.398 , 
-3463.95 , 
-6761.35 , 
-1.65928 , 
-9.61232 , 
-6083.12 , 
-3.28641 , 
-12.1224 , 
-134.413 , 
-1155.86 , 
-15720.5 , 
-1.4226 , 
-63927.9 , 
-18.6251 , 
-0.737504 , 
-34684.9 , 
-196.266 , 
-14972.3 , 
-32451.5 , 
-13113.4 , 
-0.00910553 , 
-90.9272 , 
-44377.6 , 
-327.222 , 
-12.1224 , 
-0.145688 , 
-0.582725 , 
-9.9102 , 
-67135.5 , 
-4.20791 , 
-6020.77 , 
-12.1224 , 
-42616.3 , 
-614.062 , 
-0.11154 , 
-0.446153 , 
-11.4677 , 
-876.904 , 
-149.538 , 
-9.61232 , 
-95328.5 , 
-48981.3 , 
-6721.97 , 
-72120.4 , 
-200492 , 
-11.4677 , 
-504.357 , 
-76400.8 , 
-165.907 , 
-105.394 , 
-7664.37 , 
-1298.06 , 
-0.184382 , 
-766.12 , 
-108.178 , 
-0.384695 , 
-133865 , 
-413.612 , 
-0.582725 , 
-724.544 , 
-96344.7 , 
-130.7 , 
-435.588 , 
-3.82567 , 
-3514.26 , 
-12.4566 , 
-13268 , 
-1.31108 , 
-62902.3 , 
-16685.7 , 
-172832 , 
-47.0941 , 
-5.46377 , 
-31118.5 , 
-1.2041 , 
-45.694 , 
-16.048 , 
-712.141 , 
-14.0924 , 
-610.378 , 
-202.745 , 
-1.00381 , 
-579.826 , 
-11.4677 , 
-42.0701 , 
-693.257 , 
-12.1224 , 
-13.4864 , 
-2.78806 , 
-60724.1 , 
-9.9102 , 
-0.512165 , 
-13106 , 
-3.82567 , 
-32042.8 , 
-1134.28 , 
-2.94963 , 
-12281.6 , 
-1767.3 , 
-479.261 , 
-14.1956 , 
-1724.65 , 
-309.534 , 
-428.039 , 
-12587.1 , 
-0.275432 , 
-921.441 , 
-5.91618e-09 , 
-160.616 , 
-22.2849 , 
-3.82567 , 
-166.559 , 
-5535.02 , 
-600.192 , 
-0.384695 , 
-16.048 , 
-6864.62 , 
-1.00381 , 
-11.4677 , 
-3002.08 , 
-18277.9 , 
-24123.4 , 
-22347.2 , 
-139609 , 
-5.68897 , 
-5.02696 , 
-8.19099 , 
-4073.75 , 
-8849.49 , 
-3926.7 , 
-2220.02 , 
-1119.22 , 
-14.557 , 
-3.64136 , 
-10737.3 , 
-0.0204873 , 
-3258.11 , 
-15.6684 , 
-16717.5 , 
-415.57 , 
-1233.53 , 
-16.8206 , 
-10728.9 , 
-1985.74 , 
-22.2849 , 
-1137.01 , 
-12.7953 , 
-20328.5 , 
-2147.98 , 
-103489 , 
-62095.9 , 
-8019.85 , 
-2166.53 , 
-17430.8 , 
-17.6114 , 
-7.65427 , 
-6.88318 , 
-21.8374 , 
-1.31108 , 
-2.33065 , 
-232072 , 
-1662.76 , 
-3.82567 , 
-83872.2 , 
-5304.02 , 
-17189 , 
-1182.84 , 
-14263.2 , 
-4517.28 , 
-124180 , 
-265.881 , 
-5.46377 , 
-12.4566 , 
-0.184382 , 
-4.81538 , 
-4.20791 , 
-0.11154 , 
-244.188 , 
-2047.18 , 
-6.15302 , 
-2.33065 , 
-131666 , 
-75155.5 , 
-7.39269 , 
-1294.92 , 
-4677.09 , 
-310.445 , 
-6.15302 , 
-1.78447 , 
-7.65427 , 
-4.40586 , 
-4.40586 , 
-11266.2 , 
-77.3807 , 
-233253 , 
-5291.74 , 
-4086.77 , 
-2.18727 , 
-0.327789 , 
-4332.41 , 
-1207.35 , 
-44067.2 , 
-51.7143 , 
-2.04847 , 
-8677.96 , 
-509.016 , 
-6.88318 , 
-750.973 , 
-95.4094 , 
-112.767 , 
-0.0569084 , 
-3711.52 , 
-9248.6 , 
-3209.47 , 
-53.6966 , 
-10621.3 , 
-2.47857 , 
-0.145688 , 
-5.68897 , 
-4.01453 , 
-0.582725 , 
-10.8311 , 
-45603.4 , 
-0.821721 , 
-13.1386 , 
-12737.5 , 
-4396.01 , 
-2693.24 , 
-91659.2 , 
-124.395 , 
-300.585 , 
-4.60835 , 
-5.02696 , 
-20153.8 , 
-5896.22 , 
-33041.5 , 
-20102.8 , 
-44101.4 , 
-4.01453 , 
-3135.56 , 
-0.0364211 , 
-124.613 , 
-0.0569084 , 
-11.4677 , 
-11192.8 , 
-0.657834 , 
-0.00227651 , 
-6.15302 , 
-1.65928 , 
-2.18727 , 
-14.557 , 
-39039.1 , 
-1626.16 , 
-29612.2 , 
-706.813 , 
-5768.9 , 
-1.00381 , 
-20329.8 , 
-0.512165 , 
-663.05 , 
-21.3944 , 
-1986.96 , 
-17174.6 , 
-9.03017 , 
-22.2849 , 
-1031.2 , 
-2.94963 , 
-17.6114 , 
-16.048 , 
-165.748 , 
-18.4204 , 
-1413.82 , 
-4.60835 , 
-9.03017 , 
-23587.8 , 
-5132.57 , 
-16081.5 , 
-13.4864 , 
-290.96 , 
-227.367 , 
-333.699 , 
-182743 , 
-4.60835 , 
-5.02696 , 
-0.0364211 , 
-2.78806 , 
-7755.77 , 
-0.00227651 , 
-61197.9 , 
-1083.09 , 
-18523.8 , 
-61.9376 , 
-654.137 , 
-106.509 , 
-93570.5 , 
-2803.78 , 
-134375 , 
-4213.54 , 
-22.4699 , 
-13.4864 , 
-350.304 , 
-11.4677 , 
-2.63105 , 
-2837.74 , 
-24996.3 , 
-393.045 , 
-8.46618 , 
-500.371 , 
-1276.1 , 
-5538.2 , 
-4205.56 , 
-1.4226 , 
-4.60835 , 
-25991.8 , 
-198061 , 
-1335.9 , 
-14.557 , 
-3.82567 , 
-87.3766 , 
-82642.7 , 
-249.644 , 
-17.6114 , 
-9083.66 , 
-35876.2 , 
-12.7953 , 
-5604.26 , 
-9141.08 , 
-10046.5 , 
-2.18727 , 
-0.737504 , 
-0.821721 , 
-8.74588 , 
-13.4864 , 
-58.3083 , 
-1076.64 , 
-5133.34 , 
-0.384695 , 
-53.9476 , 
-8.19099 , 
-11699.8 , 
-143.823 , 
-3822.86 , 
-193.889 , 
-10.2126 , 
-16859.9 , 
-177.832 , 
-5.68897 , 
-2446.19 , 
-2.94963 , 
-12.1224 , 
-9293.94 , 
-172.064 , 
-153582 , 
-0.184382 , 
-8.46618 , 
-12941.9 , 
-14.1956 , 
-264.913 , 
-100.019 , 
-155.448 , 
-98524.5 , 
-41226.5 , 
-13.4864 , 
-136044 , 
-18.4204 , 
-169.274 , 
-16.048 , 
-11933.1 , 
-13440.6 , 
-1.2041 , 
-14.9229 , 
-6814.91 , 
-7.39269 , 
-173327 , 
-1.65928 , 
-2191.98 , 
-122495 , 
-14.557 , 
-28694.7 , 
-11344.1 , 
-2.78806 , 
-0.184382 , 
-0.910499 , 
-46683.7 , 
-692.28 , 
-12104.3 , 
-2.63105 , 
-1.00381 , 
-4350.17 , 
-0.657834 , 
-257.772 , 
-927.241 , 
-2.94963 , 
-22114.2 , 
-17.2138 , 
-4.60835 , 
-73512.6 , 
-1271.78 , 
-19470.9 , 
-9.03017 , 
-399.802 , 
-504.616 , 
-596.39 , 
-87567.2 , 
-2.04847 , 
-14.9229 , 
-1.00381 , 
-11197.1 , 
-37.7886 , 
-51337 , 
-25317.2 , 
-18.4204 , 
-13.1386 , 
-20.0926 , 
-28940 , 
-17719.7 , 
-20.522 , 
-5.46377 , 
-1867.73 , 
-9.9102 , 
-5.91872 , 
-8130.39 , 
-9.31897 , 
-6775.9 , 
-150.575 , 
-1257.96 , 
-545.234 , 
-4481.8 , 
-2895.35 , 
-0.184382 , 
-6310.41 , 
-86.1448 , 
-13660.7 , 
-8419.27 , 
-612.773 , 
-19.6677 , 
-15.6684 , 
-8978.29 , 
-29278.6 , 
-44212.7 , 
-10726 , 
-92.8823 , 
-144.129 , 
-32651.7 , 
-5.68897 , 
-9.61232 , 
-83063.9 , 
-8.46618 , 
-1.2041 , 
-4.01453 , 
-4528.91 , 
-10.2126 , 
-12883.4 , 
-7.65427 , 
-3775.35 , 
-7371.65 , 
-5025.4 , 
-503.718 , 
-32155.7 , 
-5.91872 , 
-9051.34 , 
-615.354 , 
-1415.85 , 
-129845 , 
-22.2849 , 
-10381.6 , 
-6.15302 , 
-103.296 , 
-18.4204 , 
-10.8311 , 
-1178.77 , 
-149.841 , 
-4609.91 , 
-1.31108 , 
-18129 , 
-6.39187 , 
-5.46377 , 
-1.65928 , 
-0.184382 , 
-43.225 , 
-2.18727 , 
-95.7845 , 
-8.46618 , 
-13.1386 , 
-7.39269 , 
-1107.76 , 
-0.910499 , 
-0.0364211 , 
-18.8317 , 
-8388.84 , 
-12.1224 , 
-33897 , 
-8.74588 , 
-23055.5 , 
-25115.4 , 
-18.8317 , 
-7014.6 , 
-1203.47 , 
-92613 , 
-219407 , 
-16238 , 
-17.6114 , 
-12280.1 , 
-484.037 , 
-5.91872 , 
-2882.45 , 
-15.2934 , 
-61260.2 , 
-85694.9 , 
-2703.27 , 
-42715.8 , 
-684.849 , 
-3415.51 , 
-0.0569084 , 
-15.2934 , 
-50838.4 , 
-5.91872 , 
-15498.9 , 
-373.262 , 
-79776.6 , 
-17.0975 , 
-172.995 , 
-4.01453 , 
-338.865 , 
-4331.68 , 
-1.53867 , 
-4.81538 , 
-1.91419 , 
-140.457 , 
-2.47857 , 
-4127.68 , 
-25748 , 
-388.806 , 
-5.91618e-09 , 
-2272.06 , 
-6.63525 , 
-343872 , 
-1377.06 , 
-1951.33 , 
-24007.2 , 
-40356.8 , 
-17.6114 , 
-4.60835 , 
-12824.8 , 
-3476.88 , 
-13.4864 , 
-1081.77 , 
-41581.2 , 
-59.0838 , 
-6664.07 , 
-5.24309 , 
-90160.3 , 
-309.645 , 
-2.94963 , 
-42718.1 , 
-7457.7 , 
-5.91618e-09 , 
-6409.33 , 
-13.4864 , 
-17.2138 , 
-42545.1 , 
-236.23 , 
-9.61232 , 
-156962 , 
-0.327789 , 
-0.384695 , 
-6.15302 , 
-3160.38 , 
-1999.91 , 
-67.8184 , 
-0.446153 , 
-99078 , 
-19995.8 , 
-6022.27 , 
-13352.1 , 
-0.737504 , 
-43066.1 , 
-33982.9 , 
-527.492 , 
-6.63525 , 
-1160.44 , 
-253.541 , 
-9426.9 , 
-6308.73 , 
-386.223 , 
-20.0926 , 
-0.910499 , 
-7.92034 , 
-9607.01 , 
-275.831 , 
-4.60835 , 
-4457.31 , 
-2.63105 , 
-85804.3 , 
-12.4566 , 
-20.9559 , 
-13908.4 , 
-162.791 , 
-7.13567 , 
-141564 , 
-3.28641 , 
-629.449 , 
-0.737504 , 
-29827.5 , 
-163062 , 
-32.7959 , 
-9438.69 , 
-500.571 , 
-749.126 , 
-9.61232 , 
-3.28641 , 
-68574.8 , 
-2.49884 , 
-363.194 , 
-3144.02 , 
-1.4226 , 
-209.326 , 
-1741.3 , 
-37601.4 , 
-118.899 , 
-13.4864 , 
-308.022 , 
-15.5371 , 
-159.04 , 
-62941.2 , 
-0.0364211 , 
-1.10168 , 
-5.02696 , 
-7.65427 , 
-13.1386 , 
-3849.92 , 
-0.11154 , 
-0.00227651 , 
-547.703 , 
-452.897 , 
-4564.04 , 
-79807.8 , 
-6.88318 , 
-249.307 , 
-19014.1 , 
-13.8387 , 
-7.13567 , 
-4.20791 , 
-93.5814 , 
-17102 , 
-16.8206 , 
-0.384695 , 
-3.64136 , 
-49.817 , 
-18250.7 , 
-0.275432 , 
-75726.6 , 
-8.19099 , 
-127.905 , 
-5051.96 , 
-8.19099 , 
-16764.3 , 
-11.7244 , 
-926.02 , 
-129.168 , 
-75860.7 , 
-5.46377 , 
-11354.5 , 
-0.657834 , 
-6136.48 , 
-10.2126 , 
-4589.29 , 
-7437.36 , 
-7942.12 , 
-381.803 , 
-45757.2 , 
-6.63525 , 
-26203.8 , 
-7359.36 , 
-1443.46 , 
-15273.3 , 
-0.446153 , 
-4950.26 , 
-20841.9 , 
-328215 , 
-10.2126 , 
-7888.87 , 
-14.557 , 
-0.00910553 , 
-151.882 , 
-4279.71 , 
-1318.59 , 
-3.82567 , 
-1506.91 , 
-914.813 , 
-15.2934 , 
-17962.7 , 
-461.565 , 
-4303.51 , 
-6334.52 , 
-31276.8 , 
-384.606 , 
-1942.44 , 
-25828.7 , 
-3.28641 , 
-72043.3 , 
-0.0819495 , 
-24239.5 , 
-25958.3 , 
-13.8387 , 
-113.91 , 
-460.902 , 
-7801.37 , 
-4027.46 , 
-4.40586 , 
-105.876 , 
-605.304 , 
-212064 , 
-11.4638 , 
-20.522 , 
-136228 , 
-5142.49 , 
-5.24309 , 
-736.948 , 
-35057.2 , 
-241.448 , 
-852.971 , 
-1362.33 , 
-38.4364 , 
-7.13567 , 
-11.4677 , 
-18.4204 , 
-16.4321 , 
-10.8311 , 
-26089.6 , 
-100.021 , 
-5.24309 , 
-0.00910553 , 
-748.173 , 
-22.2849 , 
-3064.91 , 
-6190.19 , 
-1639.7 , 
-8290.08 , 
-186922 , 
-4283.75 , 
-16828.6 , 
-527.918 , 
-310.929 , 
-14.9229 , 
-11963.4 , 
-14889.2 , 
-14.557 , 
-11.7928 , 
-4125.18 , 
-8.19099 , 
-5.02696 , 
-36032.4 , 
-427.189 , 
-1.91419 , 
-9.31897 , 
-33.1936 , 
-14.9229 , 
-584.729 , 
-22909.2 , 
-9.31897 , 
-41386.3 , 
-1013.6 , 
-21.3944 , 
-547.159 , 
-1034.51 , 
-9168.33 , 
-29589.7 , 
-160.568 , 
-6718.84 , 
-604.437 , 
-18170.1 , 
-8.17562 , 
-118691 , 
-5.91872 , 
-1121.92 , 
-862.881 , 
-217889 , 
-5348.12 , 
-49.5026 , 
-4486.42 , 
-1122.12 , 
-1.78447 , 
-169.982 , 
-22538.9 , 
-7986.55 , 
-32877.5 , 
-18.4204 , 
-510.984 , 
-1888.14 , 
-57282.4 , 
-277.421 , 
-20.522 , 
-399.474 , 
-86664.2 , 
-117767 , 
-6667.44 , 
-2.78806 , 
-10854.5 , 
-225.85 , 
-101586 , 
-0.184382 , 
-13315.6 , 
-2018.66 , 
-65926.6 , 
-20.522 , 
-0.910499 , 
-56952.1 , 
-79275.6 , 
-14.557 , 
-120.364 , 
-105.807 , 
-82472.9 , 
-55623 , 
-1.2041 , 
-17274.9 , 
-175211 , 
-809.486 , 
-53988.8 , 
-16.8206 , 
-3880.26 , 
-6160.53 , 
-4.01453 , 
-3158.84 , 
-142228 , 
-17.6114 , 
-39603.7 , 
-4843.29 , 
-236007 , 
-6.88318 , 
-0.11154 , 
-13.1386 , 
-2153.97 , 
-1.78447 , 
-11380.1 , 
-7.39269 , 
-1.4226 , 
-156141 , 
-2.94963 , 
-5.91618e-09 , 
-1101.06 , 
-14.1956 , 
-1803.05 , 
-2.63105 , 
-3254.31 , 
-99.7327 , 
-1014.49 , 
-31705.6 , 
-2.04847 , 
-7703.21 , 
-0.446153 , 
-90.2355 , 
-0.00910553 , 
-5940.56 , 
-6097.73 , 
-3.82567 , 
-3.64136 , 
-37012.2 , 
-13.8387 , 
-0.275432 , 
-208.619 , 
-205349 , 
-21.8374 , 
-726.515 , 
-748.626 , 
-2.94963 , 
-2562.63 , 
-6.15302 , 
-5.68897 , 
-0.227631 , 
-7.92034 , 
-3552.58 , 
-1172.52 , 
-952.118 , 
-4530.46 , 
-89309 , 
-223.739 , 
-114458 , 
-16.048 , 
-2.04847 , 
-3172.98 , 
-2.33065 , 
-18451.7 , 
-14727 , 
-4233.86 , 
-0.910499 , 
-12.1224 , 
-1537.38 , 
-5.68897 , 
-4804.78 , 
-284664 , 
-7.65427 , 
-84.181 , 
-110543 , 
-10769 , 
-7918.15 , 
-1411.32 , 
-2.47857 , 
-6.39187 , 
-17.6114 , 
-8.19099 , 
-112966 , 
-1966.47 , 
-2.33065 , 
-5926.37 , 
-75.3559 , 
-0.446153 , 
-6.39187 , 
-9713.08 , 
-6.63525 , 
-6.63525 , 
-565.831 , 
-2896.41 , 
-9.03017 , 
-184.654 , 
-4008 , 
-208.357 , 
-18582.2 , 
-689.338 , 
-20764.5 , 
-2.47857 , 
-25511.1 , 
-28.8747 , 
-255.925 , 
-129.473 , 
-7.13567 , 
-8110.49 , 
-19.6368 , 
-12637 , 
-19583.7 , 
-9.31897 , 
-10.5196 , 
-11563.1 , 
-0.0364211 , 
-496.31 , 
-7019.88 , 
-2692.08 , 
-22.6128 , 
-364.593 , 
-8164.05 , 
-5.24309 , 
-1.91419 , 
-4.81538 , 
-41640.9 , 
-5.68897 , 
-120442 , 
-18.8317 , 
-141212 , 
-87697.2 , 
-0.910499 , 
-4.01453 , 
-1.4226 , 
-331.939 , 
-1.91419 , 
-3398.01 , 
-186.218 , 
-2.04847 , 
-7774.78 , 
-2807.72 , 
-44586.9 , 
-2413.13 , 
-1972.96 , 
-26604.4 , 
-20.9559 , 
-168680 , 
-7.13567 , 
-13.1386 , 
-863.867 , 
-41143.4 , 
-19.2474 , 
-1.00381 , 
-2.63105 , 
-3173.01 , 
-1263.74 , 
-130.736 , 
-1654 , 
-85403 , 
-1403.18 , 
-123248 , 
-12584.1 , 
-1533.47 , 
-16.2637 , 
-352.762 , 
-873.892 , 
-8995.6 , 
-930.991 , 
-5.91872 , 
-618.989 , 
-548.278 , 
-1410.88 , 
-264.229 , 
-62281 , 
-170057 , 
-7.13567 , 
-227079 , 
-174302 , 
-10.5196 , 
-294.434 , 
-64334.6 , 
-0.00910553 , 
-46.1908 , 
-4175.05 , 
-684915 , 
-5739.1 , 
-87577.8 , 
-4.60835 , 
-5.02696 , 
-9406.63 , 
-8.46618 , 
-950.098 , 
-375.749 , 
-8609.88 , 
-3593.51 , 
-121974 , 
-504.102 , 
-11190.5 , 
-9.03017 , 
-4984.41 , 
-511.331 , 
-2.63105 , 
-18694.3 , 
-37007.5 , 
-53.1279 , 
-5.46377 , 
-59035.3 , 
-117805 , 
-350.385 , 
-232.691 , 
-2.78806 , 
-3394.41 , 
-7.39269 , 
-38854.4 , 
-5888.4 , 
-4.60835 , 
-34004.9 , 
-91.8394 , 
-263.412 , 
-62469.3 , 
-4.20791 , 
-9258.43 , 
-13.1386 , 
-3399.82 , 
-3175.12 , 
-58123 , 
-150.377 , 
-0.227631 , 
-13.1386 , 
-9.03017 , 
-1451.34 , 
-90.9536 , 
-8.74588 , 
-0.657834 , 
-2927.79 , 
-6.39187 , 
-5.74539 , 
-2107.44 , 
-0.327789 , 
-43226.5 , 
-559.806 , 
-1114.16 , 
-52.6965 , 
-32212.4 , 
-7.13567 , 
-0.00910553 , 
-5283.26 , 
-3.82567 , 
-0.227631 , 
-14380.7 , 
-11245.8 , 
-5397.37 , 
-8417.84 , 
-32.6881 , 
-8.19099 , 
-0.910499 , 
-3.64136 , 
-1.78447 , 
-9.61232 , 
-466.862 , 
-0.0364211 , 
-17.2138 , 
-16.1397 , 
-139.539 , 
-9.31897 , 
-8686.77 , 
-625.874 , 
-662.393 , 
-27352.4 , 
-443.929 , 
-4.81538 , 
-7.65427 , 
-19.6677 , 
-1.4226 , 
-5506.2 , 
-68659.1 , 
-271.876 , 
-14.9541 , 
-1268.67 , 
-2.04847 , 
-1.31108 , 
-1299.63 , 
-11.4677 , 
-7.65427 , 
-1.78447 , 
-5.24309 , 
-574.868 , 
-6037.91 , 
-154049 , 
-359.689 , 
-44.0923 , 
-15700.7 , 
-2516.07 , 
-6.98628 , 
-1.2041 , 
-10.9665 , 
-657.18 , 
-66.8979 , 
-2.04847 , 
-6.63525 , 
-3.4616 , 
-2.78806 , 
-2.47857 , 
-2184.89 , 
-47763.4 , 
-467.03 , 
-16.048 , 
-8.19099 , 
-191.611 , 
-266043 , 
-0.737504 , 
-3233.88 , 
-5.91872 , 
-1731.42 , 
-152.799 , 
-2.33065 , 
-19.2474 , 
-0.00910553 , 
-48306.3 , 
-0.446153 , 
-15864.1 , 
-3.11574 , 
-17643.9 , 
-20.522 , 
-0.145688 , 
-3.11574 , 
-6.63525 , 
-31781.9 , 
-13.1386 , 
-17696.8 , 
-4613.91 , 
-6176.76 , 
-2851.99 , 
-20.0926 , 
-4176.15 , 
-1.31108 , 
-1.31108 , 
-40813.3 , 
-9004.04 , 
-234.443 , 
-102.978 , 
-23295.3 , 
-2281.55 , 
-4.40586 , 
-16861.8 , 
-7328.11 , 
-8861.6 , 
-6.88318 , 
-428.722 , 
-18.0137 , 
-64.677 , 
-18052.5 , 
-20.9559 , 
-8.74588 , 
-42680.8 , 
-102361 , 
-371.607 , 
-107758 , 
-46624.2 , 
-759.578 , 
-717.918 , 
-18.8317 , 
-479.656 , 
-272.985 , 
-2.04847 , 
-25759.8 , 
-17006.2 , 
-687.631 , 
-1.53867 , 
-71.3603 , 
-6023.63 , 
-1.4226 , 
-18.8317 , 
-2380.05 , 
-802.538 , 
-2184.8 , 
-0.145688 , 
-42753.7 , 
-14.1956 , 
-306.31 , 
-2.04847 , 
-6204.14 , 
-0.737504 , 
-2.47857 , 
-7.65427 , 
-35705 , 
-5.24309 , 
-76850.5 , 
-0.0204873 , 
-0.821721 , 
-19652.9 , 
-14176.7 , 
-2.33065 , 
-23.9717 , 
-16.048 , 
-1.00381 , 
-27.9505 , 
-2.78806 , 
-64566.4 , 
-41.0291 , 
-865.637 , 
-356897 , 
-1924.14 , 
-33690.2 , 
-25365.7 , 
-33327.5 , 
-1.53867 , 
-17.6114 , 
-6437.64 , 
-20142.6 , 
-0.657834 , 
-2128.82 , 
-1.65928 , 
-3300.45 , 
-172997 , 
-0.275432 , 
-31144.6 , 
-4040.88 , 
-0.275432 , 
-24341.8 , 
-21014.7 , 
-8.46618 , 
-4.20791 , 
-38.0066 , 
-42757.5 , 
-14.9387 , 
-140245 , 
-855.497 , 
-7299.94 , 
-35.5028 , 
-6584.62 , 
-2679.35 , 
-0.275432 , 
-161.938 , 
-7.65427 , 
-20.9559 , 
-6.15302 , 
-17080.7 , 
-7.92034 , 
-20.0926 , 
-14.557 , 
-3.11574 , 
-57009.2 , 
-15293.2 , 
-1.78447 , 
-0.384695 , 
-2.47857 , 
-0.910499 , 
-8.19099 , 
-2.04847 , 
-7.13567 , 
-125.094 , 
-1458.39 , 
-11.4677 , 
-4.01453 , 
-10538.8 , 
-18.8317 , 
-44041.5 , 
-130.133 , 
-376.947 , 
-0.184382 , 
-932.192 , 
-12.1224 , 
-3.28641 , 
-0.384695 , 
-369.741 , 
-13383.7 , 
-6.39187 , 
-9.61232 , 
-85245.5 , 
-0.0204873 , 
-621.191 , 
-2051.38 , 
-171523 , 
-890.261 , 
-6079.78 , 
-44365.2 , 
-10046.9 , 
-3446.33 , 
-173.19 , 
-3.64136 , 
-13.8387 , 
-0.11154 , 
-184.891 , 
-0.582725 , 
-839.671 , 
-212.032 , 
-2.66204 , 
-107855 , 
-10403.8 , 
-10.5196 , 
-10.2126 , 
-1350.31 , 
-159729 , 
-698.55 , 
-2643.58 , 
-10.8311 , 
-0.0569084 , 
-9919.07 , 
-80124.3 , 
-10.8311 , 
-138.548 , 
-11.7928 , 
-7.39269 , 
-4434.01 , 
-329.028 , 
-527.733 , 
-2039.99 , 
-1.65928 , 
-152.824 , 
-5.46377 , 
